  120
  1.43801217   0.00000000
  1.43675883   0.05468750
  1.43297867   0.10937500
  1.42661549   0.16406250
  1.41760397   0.21875000
  1.41250000   0.24318088
  1.41250000   0.24318088
  1.40598846   0.27343750
  1.39173619   0.32812500
  1.37448630   0.38281250
  1.36562500   0.40733082
  1.35403544   0.43750000
  1.33033594   0.49218750
  1.31875000   0.51635856
  1.30279454   0.54687500
  1.27187500   0.60077667
  1.27137214   0.60156250
  1.23511358   0.65625000
  1.22500000   0.67089644
  1.19345076   0.71093750
  1.17812500   0.73021658
  1.14531163   0.76562500
  1.13125000   0.78118032
  1.08916754   0.82031250
  1.08437500   0.82505044
  1.03750000   0.86375586
  1.02056194   0.87500000
  0.99062500   0.89725950
  0.94375000   0.92459419
  0.93213907   0.92968750
  0.89687500   0.94816038
  0.85000000   0.96556824
  0.80312500   0.97628672
  0.75625000   0.98028343
  0.70937500   0.97691539
  0.66250000   0.96471018
  0.61562500   0.94104433
  0.60022391   0.92968750
  0.56875000   0.90611135
  0.53834152   0.87500000
  0.52187500   0.85682043
  0.49456737   0.82031250
  0.47500000   0.79047864
  0.46041227   0.76562500
  0.43295121   0.71093750
  0.42812500   0.69995350
  0.40948430   0.65625000
  0.39041639   0.60156250
  0.38125000   0.57018597
  0.37421501   0.54687500
  0.36008869   0.49218750
  0.34871174   0.43750000
  0.33954790   0.38281250
  0.33437500   0.34516946
  0.33177547   0.32812500
  0.32487360   0.27343750
  0.31952187   0.21875000
  0.31554119   0.16406250
  0.31279273   0.10937500
  0.31118076   0.05468750
  0.31064954   0.00000000
  0.31118076  -0.05468750
  0.31279273  -0.10937500
  0.31554119  -0.16406250
  0.31952187  -0.21875000
  0.32487360  -0.27343750
  0.33177547  -0.32812500
  0.33437500  -0.34516946
  0.33954790  -0.38281250
  0.34871174  -0.43750000
  0.36008869  -0.49218750
  0.37421501  -0.54687500
  0.38125000  -0.57018597
  0.39041639  -0.60156250
  0.40948430  -0.65625000
  0.42812500  -0.69995350
  0.43295121  -0.71093750
  0.46041227  -0.76562500
  0.47500000  -0.79047864
  0.49456737  -0.82031250
  0.52187500  -0.85682043
  0.53834152  -0.87500000
  0.56875000  -0.90611135
  0.60022391  -0.92968750
  0.61562500  -0.94104433
  0.66250000  -0.96471018
  0.70937500  -0.97691539
  0.75625000  -0.98028343
  0.80312500  -0.97628672
  0.85000000  -0.96556824
  0.89687500  -0.94816038
  0.93213907  -0.92968750
  0.94375000  -0.92459419
  0.99062500  -0.89725950
  1.02056194  -0.87500000
  1.03750000  -0.86375586
  1.08437500  -0.82505044
  1.08916754  -0.82031250
  1.13125000  -0.78118032
  1.14531163  -0.76562500
  1.17812500  -0.73021658
  1.19345076  -0.71093750
  1.22500000  -0.67089644
  1.23511358  -0.65625000
  1.27137214  -0.60156250
  1.27187500  -0.60077667
  1.30279454  -0.54687500
  1.31875000  -0.51635856
  1.33033594  -0.49218750
  1.35403544  -0.43750000
  1.36562500  -0.40733082
  1.37448630  -0.38281250
  1.39173619  -0.32812500
  1.40598846  -0.27343750
  1.41250000  -0.24318088
  1.41760397  -0.21875000
  1.42661549  -0.16406250
  1.43297867  -0.10937500
  1.43675883  -0.05468750
  1.43801217   0.00000000

