 R(m), ne(m^-3), ni(m^_3), B_T (T) , B_P (T),  B(T), Sfac, T(keV), Pressure
  3.143309E-01  6.402768E+18  4.253949E+18
  2.125547E+01  2.854809E+00  2.144632E+01
  2.867729E+00  6.278112E-01  1.159575E+03
  3.243309E-01  1.482633E+19  1.007823E+19
  1.996845E+01  2.886195E+00  2.017596E+01
  2.685427E+00  1.204900E+00  5.219749E+03
  3.343309E-01  2.276778E+19  1.596475E+19
  1.879990E+01  2.908202E+00  1.902351E+01
  2.523991E+00  1.754375E+00  1.177013E+04
  3.443309E-01  3.011988E+19  2.176707E+19
  1.774091E+01  2.920410E+00  1.797968E+01
  2.387815E+00  2.247115E+00  2.004766E+04
  3.543309E-01  3.689853E+19  2.734145E+19
  1.677988E+01  2.922432E+00  1.703247E+01
  2.267519E+00  2.671717E+00  2.922792E+04
  3.643309E-01  4.310442E+19  3.256342E+19
  1.590698E+01  2.914272E+00  1.617173E+01
  2.161705E+00  3.033268E+00  3.863423E+04
  3.743309E-01  4.871122E+19  3.733995E+19
  1.511359E+01  2.896038E+00  1.538855E+01
  2.069556E+00  3.346800E+00  4.782672E+04
  3.843309E-01  5.369384E+19  4.161565E+19
  1.439322E+01  2.867931E+00  1.467617E+01
  1.991351E+00  3.630334E+00  5.659551E+04
  3.943309E-01  5.804897E+19  4.537256E+19
  1.374046E+01  2.830345E+00  1.402893E+01
  1.927374E+00  3.900293E+00  6.490109E+04
  4.043309E-01  6.180090E+19  4.862496E+19
  1.314486E+01  2.783891E+00  1.343642E+01
  1.873215E+00  4.169519E+00  7.280543E+04
  4.143309E-01  6.499742E+19  5.141082E+19
  1.259993E+01  2.729305E+00  1.289215E+01
  1.828159E+00  4.447020E+00  8.041726E+04
  4.243309E-01  6.770147E+19  5.378254E+19
  1.209984E+01  2.667396E+00  1.239037E+01
  1.791437E+00  4.738504E+00  8.785698E+04
  4.343309E-01  6.998266E+19  5.579871E+19
  1.164166E+01  2.599169E+00  1.192828E+01
  1.764347E+00  5.047135E+00  9.523784E+04
  4.443309E-01  7.191049E+19  5.751800E+19
  1.121768E+01  2.525736E+00  1.149851E+01
  1.743920E+00  5.374275E+00  1.026584E+05
  4.543309E-01  7.354947E+19  5.899490E+19
  1.082309E+01  2.448119E+00  1.109652E+01
  1.728995E+00  5.720034E+00  1.101998E+05
  4.643309E-01  7.495653E+19  6.027736E+19
  1.045426E+01  2.367287E+00  1.071894E+01
  1.718944E+00  6.083681E+00  1.179262E+05
  4.743309E-01  7.617999E+19  6.140600E+19
  1.010853E+01  2.284263E+00  1.036341E+01
  1.713902E+00  6.463941E+00  1.258868E+05
  4.843309E-01  7.725981E+19  6.241429E+19
  9.782372E+00  2.200093E+00  1.002672E+01
  1.712896E+00  6.859242E+00  1.341184E+05
  4.943309E-01  7.822826E+19  6.332914E+19
  9.472969E+00  2.115644E+00  9.706343E+00
  1.714589E+00  7.267864E+00  1.426480E+05
  5.043309E-01  7.911087E+19  6.417173E+19
  9.178556E+00  2.031606E+00  9.400708E+00
  1.718517E+00  7.688021E+00  1.514942E+05
  5.143309E-01  7.992758E+19  6.495848E+19
  8.897506E+00  1.948647E+00  9.108393E+00
  1.724445E+00  8.117928E+00  1.606687E+05
  5.243309E-01  8.069380E+19  6.570200E+19
  8.628157E+00  1.867402E+00  8.827926E+00
  1.731957E+00  8.555886E+00  1.701787E+05
  5.343309E-01  8.142137E+19  6.641187E+19
  8.369642E+00  1.788332E+00  8.558565E+00
  1.740091E+00  9.000320E+00  1.800282E+05
  5.443309E-01  8.211928E+19  6.709530E+19
  8.121225E+00  1.711725E+00  8.299657E+00
  1.748562E+00  9.449765E+00  1.902179E+05
  5.543309E-01  8.279430E+19  6.775763E+19
  7.881825E+00  1.637852E+00  8.050200E+00
  1.757094E+00  9.902878E+00  2.007468E+05
  5.643309E-01  8.345156E+19  6.840287E+19
  7.650839E+00  1.566931E+00  7.809648E+00
  1.765101E+00  1.035847E+01  2.116127E+05
  5.743309E-01  8.409492E+19  6.903397E+19
  7.428211E+00  1.499050E+00  7.577960E+00
  1.772346E+00  1.081550E+01  2.228128E+05
  5.843309E-01  8.472726E+19  6.965310E+19
  7.213585E+00  1.434211E+00  7.354779E+00
  1.778725E+00  1.127302E+01  2.343435E+05
  5.943309E-01  8.535074E+19  7.026181E+19
  7.005912E+00  1.372412E+00  7.139070E+00
  1.783832E+00  1.173023E+01  2.462008E+05
  6.043309E-01  8.596696E+19  7.086128E+19
  6.805458E+00  1.313610E+00  6.931077E+00
  1.787468E+00  1.218640E+01  2.583806E+05
  6.143309E-01  8.657713E+19  7.145231E+19
  6.612116E+00  1.257689E+00  6.730666E+00
  1.789786E+00  1.264094E+01  2.708788E+05
  6.243309E-01  8.718211E+19  7.203548E+19
  6.425421E+00  1.204516E+00  6.537346E+00
  1.790584E+00  1.309327E+01  2.836905E+05
  6.343309E-01  8.778253E+19  7.261118E+19
  6.244816E+00  1.153955E+00  6.350538E+00
  1.789271E+00  1.354293E+01  2.968103E+05
  6.443309E-01  8.837882E+19  7.317966E+19
  6.070637E+00  1.105849E+00  6.170538E+00
  1.786566E+00  1.398947E+01  3.102326E+05
  6.543309E-01  8.897126E+19  7.374103E+19
  5.902643E+00  1.060020E+00  5.997069E+00
  1.782540E+00  1.443249E+01  3.239504E+05
  6.643309E-01  8.955999E+19  7.429534E+19
  5.740089E+00  1.016302E+00  5.829365E+00
  1.776508E+00  1.487162E+01  3.379558E+05
  6.743309E-01  9.014502E+19  7.484252E+19
  5.583222E+00  9.745240E-01  5.667634E+00
  1.769132E+00  1.530648E+01  3.522395E+05
  6.843309E-01  9.072630E+19  7.538247E+19
  5.431927E+00  9.345145E-01  5.511728E+00
  1.760713E+00  1.573673E+01  3.667902E+05
  6.943309E-01  9.130364E+19  7.591500E+19
  5.285728E+00  8.961078E-01  5.361150E+00
  1.750973E+00  1.616199E+01  3.815950E+05
  7.043309E-01  9.187679E+19  7.643986E+19
  5.144448E+00  8.591499E-01  5.215696E+00
  1.740067E+00  1.658190E+01  3.966384E+05
  7.143309E-01  9.244541E+19  7.695675E+19
  5.008151E+00  8.234910E-01  5.075403E+00
  1.728541E+00  1.699608E+01  4.119024E+05
  7.243309E-01  9.300906E+19  7.746532E+19
  4.876534E+00  7.889868E-01  4.939948E+00
  1.716335E+00  1.740412E+01  4.273661E+05
  7.343309E-01  9.356723E+19  7.796515E+19
  4.749197E+00  7.555121E-01  4.808916E+00
  1.703301E+00  1.780560E+01  4.430054E+05
  7.443309E-01  9.411935E+19  7.845580E+19
  4.626293E+00  7.229501E-01  4.682440E+00
  1.690217E+00  1.820007E+01  4.587931E+05
  7.543309E-01  9.466472E+19  7.893677E+19
  4.507633E+00  6.911802E-01  4.560316E+00
  1.677166E+00  1.858707E+01  4.746983E+05
  7.643309E-01  9.520260E+19  7.940750E+19
  4.392710E+00  6.601106E-01  4.442031E+00
  1.663552E+00  1.896608E+01  4.906861E+05
  7.743309E-01  9.573218E+19  7.986742E+19
  4.281722E+00  6.296604E-01  4.327773E+00
  1.650024E+00  1.933661E+01  5.067185E+05
  7.843309E-01  9.625256E+19  8.031590E+19
  4.174509E+00  5.997342E-01  4.217370E+00
  1.636638E+00  1.969811E+01  5.227533E+05
  7.943309E-01  9.676275E+19  8.075228E+19
  4.070682E+00  5.702667E-01  4.110432E+00
  1.623452E+00  2.005000E+01  5.387440E+05
  8.043309E-01  9.726173E+19  8.117588E+19
  3.970299E+00  5.412066E-01  4.007016E+00
  1.610566E+00  2.039172E+01  5.546410E+05
  8.143309E-01  9.774842E+19  8.158600E+19
  3.873276E+00  5.124857E-01  3.907034E+00
  1.597984E+00  2.072266E+01  5.703907E+05
  8.243309E-01  9.822165E+19  8.198187E+19
  3.779336E+00  4.840559E-01  3.810209E+00
  1.585494E+00  2.104221E+01  5.859356E+05
  8.343309E-01  9.868022E+19  8.236276E+19
  3.688429E+00  4.558873E-01  3.716496E+00
  1.573501E+00  2.134973E+01  6.012151E+05
  8.443309E-01  9.912288E+19  8.272790E+19
  3.600530E+00  4.279357E-01  3.625871E+00
  1.561769E+00  2.164460E+01  6.161659E+05
  8.543309E-01  9.954834E+19  8.307650E+19
  3.515456E+00  4.001617E-01  3.538158E+00
  1.549914E+00  2.192616E+01  6.307211E+05
  8.643309E-01  9.995526E+19  8.340775E+19
  3.433093E+00  3.724802E-01  3.453240E+00
  1.537903E+00  2.219375E+01  6.448117E+05
  8.743309E-01  1.003422E+20  8.372075E+19
  3.353463E+00  3.447623E-01  3.371138E+00
  1.526240E+00  2.244664E+01  6.583620E+05
  8.843309E-01  1.007074E+20  8.401450E+19
  3.276468E+00  3.169034E-01  3.291757E+00
  1.515036E+00  2.268400E+01  6.712907E+05
  8.943309E-01  1.010493E+20  8.428792E+19
  3.201940E+00  2.888380E-01  3.214941E+00
  1.505329E+00  2.290496E+01  6.835116E+05
  9.043309E-01  1.013660E+20  8.453990E+19
  3.129909E+00  2.605189E-01  3.140732E+00
  1.496077E+00  2.310861E+01  6.949360E+05
  9.143309E-01  1.016557E+20  8.476929E+19
  3.060290E+00  2.318882E-01  3.069063E+00
  1.487398E+00  2.329401E+01  7.054726E+05
  9.243309E-01  1.019165E+20  8.497488E+19
  2.992983E+00  2.028959E-01  2.999852E+00
  1.479458E+00  2.346020E+01  7.150282E+05
  9.343309E-01  1.021465E+20  8.515545E+19
  2.927937E+00  1.734930E-01  2.933072E+00
  1.472450E+00  2.360617E+01  7.235087E+05
  9.443309E-01  1.023436E+20  8.530972E+19
  2.865105E+00  1.436253E-01  2.868703E+00
  1.465532E+00  2.373088E+01  7.308195E+05
  9.543309E-01  1.025059E+20  8.543636E+19
  2.804419E+00  1.132411E-01  2.806704E+00
  1.459110E+00  2.383326E+01  7.368669E+05
  9.643309E-01  1.026314E+20  8.553403E+19
  2.745806E+00  8.229937E-02  2.747039E+00
  1.457921E+00  2.391222E+01  7.415591E+05
  9.743309E-01  1.027180E+20  8.560136E+19
  2.689214E+00  5.076245E-02  2.689693E+00
  1.457102E+00  2.396665E+01  7.448080E+05
  9.843309E-01  1.027639E+20  8.563696E+19
  2.634581E+00  1.859053E-02  2.634646E+00
  1.456669E+00  2.399544E+01  7.465307E+05
  9.943309E-01  1.027670E+20  8.563944E+19
  2.581837E+00  1.425030E-02  2.581876E+00
  1.456639E+00  2.399744E+01  7.466507E+05
  1.004331E+00  1.027258E+20  8.560740E+19
  2.530912E+00  4.778640E-02  2.531363E+00
  1.457028E+00  2.397154E+01  7.451000E+05
  1.014331E+00  1.026384E+20  8.553947E+19
  2.481739E+00  8.203581E-02  2.483094E+00
  1.457855E+00  2.391662E+01  7.418210E+05
  1.024331E+00  1.025033E+20  8.543431E+19
  2.434236E+00  1.170064E-01  2.437047E+00
  1.459135E+00  2.383160E+01  7.367684E+05
  1.034331E+00  1.023192E+20  8.529063E+19
  2.388319E+00  1.526886E-01  2.393194E+00
  1.466550E+00  2.371545E+01  7.299116E+05
  1.044331E+00  1.020850E+20  8.510725E+19
  2.343905E+00  1.890598E-01  2.351517E+00
  1.474323E+00  2.356720E+01  7.212369E+05
  1.054331E+00  1.017999E+20  8.488309E+19
  2.300907E+00  2.260900E-01  2.311988E+00
  1.482999E+00  2.338600E+01  7.107487E+05
  1.064331E+00  1.014635E+20  8.461718E+19
  2.259234E+00  2.637360E-01  2.274575E+00
  1.493164E+00  2.317107E+01  6.984714E+05
  1.074331E+00  1.010754E+20  8.430875E+19
  2.218790E+00  3.019396E-01  2.239241E+00
  1.504593E+00  2.292179E+01  6.844500E+05
  1.084331E+00  1.006360E+20  8.395717E+19
  2.179479E+00  3.406299E-01  2.205937E+00
  1.517218E+00  2.263768E+01  6.687512E+05
  1.094331E+00  1.001457E+20  8.356206E+19
  2.141200E+00  3.797273E-01  2.174611E+00
  1.532259E+00  2.231843E+01  6.514633E+05
  1.104331E+00  9.960563E+19  8.312326E+19
  2.103848E+00  4.191747E-01  2.145200E+00
  1.548329E+00  2.196393E+01  6.326949E+05
  1.114331E+00  9.901700E+19  8.264079E+19
  2.067298E+00  4.589652E-01  2.117633E+00
  1.564745E+00  2.157424E+01  6.125717E+05
  1.124331E+00  9.838133E+19  8.211481E+19
  2.031448E+00  4.990335E-01  2.091845E+00
  1.581315E+00  2.114953E+01  5.912320E+05
  1.134331E+00  9.770058E+19  8.154581E+19
  1.996214E+00  5.392357E-01  2.067763E+00
  1.599258E+00  2.069023E+01  5.688318E+05
  1.144331E+00  9.697709E+19  8.093463E+19
  1.961509E+00  5.794388E-01  2.045304E+00
  1.617959E+00  2.019709E+01  5.455416E+05
  1.154331E+00  9.621355E+19  8.028240E+19
  1.927251E+00  6.195252E-01  2.024378E+00
  1.637655E+00  1.967110E+01  5.215418E+05
  1.164331E+00  9.541291E+19  7.959057E+19
  1.893339E+00  6.593954E-01  2.004878E+00
  1.658295E+00  1.911354E+01  4.970183E+05
  1.174331E+00  9.457832E+19  7.886082E+19
  1.859701E+00  6.989758E-01  1.986720E+00
  1.679218E+00  1.852594E+01  4.721581E+05
  1.184331E+00  9.371306E+19  7.809511E+19
  1.826263E+00  7.382245E-01  1.969825E+00
  1.699903E+00  1.791005E+01  4.471444E+05
  1.194331E+00  9.282039E+19  7.729551E+19
  1.792944E+00  7.771306E-01  1.954119E+00
  1.720394E+00  1.726783E+01  4.221530E+05
  1.204331E+00  9.190353E+19  7.646425E+19
  1.759664E+00  8.157159E-01  1.939539E+00
  1.739546E+00  1.660143E+01  3.973485E+05
  1.214331E+00  9.096550E+19  7.560356E+19
  1.726337E+00  8.540313E-01  1.926035E+00
  1.756654E+00  1.591318E+01  3.728814E+05
  1.224331E+00  9.000903E+19  7.471566E+19
  1.692875E+00  8.921531E-01  1.913573E+00
  1.771018E+00  1.520555E+01  3.488867E+05
  1.234331E+00  8.903644E+19  7.380257E+19
  1.659187E+00  9.301762E-01  1.902138E+00
  1.781866E+00  1.448117E+01  3.254826E+05
  1.244331E+00  8.804941E+19  7.286603E+19
  1.625149E+00  9.682032E-01  1.891699E+00
  1.788593E+00  1.374283E+01  3.027696E+05
  1.254331E+00  8.704880E+19  7.190723E+19
  1.590600E+00  1.006330E+00  1.882208E+00
  1.790410E+00  1.299350E+01  2.808319E+05
  1.264331E+00  8.603422E+19  7.092655E+19
  1.555549E+00  1.044632E+00  1.873763E+00
  1.787796E+00  1.223639E+01  2.597371E+05
  1.274331E+00  8.500349E+19  6.992303E+19
  1.519917E+00  1.083154E+00  1.866379E+00
  1.780997E+00  1.147495E+01  2.395381E+05
  1.284331E+00  8.395172E+19  6.889359E+19
  1.483659E+00  1.121891E+00  1.860076E+00
  1.770871E+00  1.071296E+01  2.202728E+05
  1.294331E+00  8.286987E+19  6.783182E+19
  1.446731E+00  1.160766E+00  1.854834E+00
  1.758050E+00  9.954592E+00  2.019657E+05
  1.304331E+00  8.174245E+19  6.672604E+19
  1.409127E+00  1.199598E+00  1.850587E+00
  1.743949E+00  9.204474E+00  1.846267E+05
  1.314331E+00  8.054402E+19  6.555629E+19
  1.371059E+00  1.238119E+00  1.847361E+00
  1.730413E+00  8.467752E+00  1.682502E+05
  1.324331E+00  7.923354E+19  6.428948E+19
  1.332717E+00  1.275993E+00  1.845072E+00
  1.719389E+00  7.750085E+00  1.528101E+05
  1.334331E+00  7.774576E+19  6.287207E+19
  1.294373E+00  1.312812E+00  1.843604E+00
  1.712815E+00  7.057585E+00  1.382525E+05
  1.344331E+00  7.597841E+19  6.121908E+19
  1.256517E+00  1.348053E+00  1.842847E+00
  1.714774E+00  6.396635E+00  1.244828E+05
  1.354331E+00  7.377412E+19  5.919866E+19
  1.219627E+00  1.381189E+00  1.842600E+00
  1.727348E+00  5.773486E+00  1.113460E+05
  1.364331E+00  7.089644E+19  5.661156E+19
  1.184240E+00  1.411823E+00  1.842734E+00
  1.753923E+00  5.193126E+00  9.859188E+04
  1.374331E+00  6.700380E+19  5.316898E+19
  1.151161E+00  1.439696E+00  1.843338E+00
  1.801127E+00  4.656821E+00  8.582373E+04
  1.384331E+00  6.163333E+19  4.847934E+19
  1.121039E+00  1.464817E+00  1.844564E+00
  1.875581E+00  4.156416E+00  7.243227E+04
  1.394331E+00  5.422019E+19  4.206873E+19
  1.094071E+00  1.487628E+00  1.846626E+00
  1.982919E+00  3.661424E+00  5.756225E+04
  1.404331E+00  4.418090E+19  3.347700E+19
  1.071177E+00  1.508857E+00  1.850424E+00
  2.144208E+00  3.093974E+00  4.034903E+04
  1.414331E+00  3.098809E+19  2.247093E+19
  1.051668E+00  1.528585E+00  1.855418E+00
  2.370677E+00  2.303299E+00  2.114876E+04
  1.424331E+00  1.380849E+19  9.353725E+18
  1.035326E+00  1.544299E+00  1.859236E+00
  2.705002E+00  1.134476E+00  4.571642E+03
