 R(m), J_tot (kA m^-2), J_ext, J_bs, J_di, J_ps
  0.153704E+01  0.130489E+03  0.210738E+02  0.347313E+03  0.493344E+01 -0.253041E+03
  0.158704E+01  0.287299E+03  0.828692E+02  0.626029E+03  0.101219E+02 -0.445706E+03
  0.163704E+01  0.390344E+03  0.171532E+03  0.681462E+03  0.122335E+02 -0.483081E+03
  0.168704E+01  0.474390E+03  0.274721E+03  0.644840E+03  0.126310E+02 -0.457821E+03
  0.173704E+01  0.559197E+03  0.380827E+03  0.591801E+03  0.125511E+02 -0.424041E+03
  0.178704E+01  0.641021E+03  0.480300E+03  0.552245E+03  0.126059E+02 -0.402369E+03
  0.183704E+01  0.712848E+03  0.566196E+03  0.530657E+03  0.129500E+02 -0.395097E+03
  0.188704E+01  0.769424E+03  0.634246E+03  0.523573E+03  0.135384E+02 -0.398971E+03
  0.193704E+01  0.810837E+03  0.682633E+03  0.525762E+03  0.142758E+02 -0.410362E+03
  0.198704E+01  0.833211E+03  0.711544E+03  0.534727E+03  0.150764E+02 -0.426309E+03
  0.203704E+01  0.838777E+03  0.722641E+03  0.547778E+03  0.158796E+02 -0.444837E+03
  0.208704E+01  0.831669E+03  0.718508E+03  0.563144E+03  0.166441E+02 -0.464761E+03
  0.213704E+01  0.812985E+03  0.702159E+03  0.579679E+03  0.173450E+02 -0.485094E+03
  0.218704E+01  0.783463E+03  0.676668E+03  0.596534E+03  0.179754E+02 -0.505369E+03
  0.223704E+01  0.748933E+03  0.644930E+03  0.613106E+03  0.185355E+02 -0.525161E+03
  0.228704E+01  0.711519E+03  0.609475E+03  0.629117E+03  0.190271E+02 -0.544284E+03
  0.233704E+01  0.672197E+03  0.572401E+03  0.644233E+03  0.194561E+02 -0.562546E+03
  0.238704E+01  0.630818E+03  0.535365E+03  0.657974E+03  0.198350E+02 -0.579926E+03
  0.243704E+01  0.591182E+03  0.499634E+03  0.670554E+03  0.201734E+02 -0.596280E+03
  0.248704E+01  0.554091E+03  0.466097E+03  0.682027E+03  0.204753E+02 -0.611647E+03
  0.253704E+01  0.519999E+03  0.435335E+03  0.692359E+03  0.207423E+02 -0.625988E+03
  0.258704E+01  0.489271E+03  0.407682E+03  0.701367E+03  0.209729E+02 -0.639034E+03
  0.263704E+01  0.459791E+03  0.383263E+03  0.709005E+03  0.211698E+02 -0.651003E+03
  0.268704E+01  0.433577E+03  0.362067E+03  0.715202E+03  0.213333E+02 -0.661591E+03
  0.273704E+01  0.410999E+03  0.343963E+03  0.720179E+03  0.214563E+02 -0.670700E+03
  0.278704E+01  0.392012E+03  0.328736E+03  0.724099E+03  0.215272E+02 -0.678374E+03
  0.283704E+01  0.376325E+03  0.316120E+03  0.726827E+03  0.215320E+02 -0.684296E+03
  0.288704E+01  0.363948E+03  0.305813E+03  0.728126E+03  0.214537E+02 -0.688010E+03
  0.293704E+01  0.354888E+03  0.297499E+03  0.728268E+03  0.212713E+02 -0.689438E+03
  0.298704E+01  0.348986E+03  0.290856E+03  0.726867E+03  0.209613E+02 -0.687976E+03
  0.303704E+01  0.344788E+03  0.285567E+03  0.723664E+03  0.205041E+02 -0.683106E+03
  0.308704E+01  0.342608E+03  0.281339E+03  0.718708E+03  0.198850E+02 -0.675086E+03
  0.313704E+01  0.344202E+03  0.277905E+03  0.711110E+03  0.190820E+02 -0.661670E+03
  0.318704E+01  0.349353E+03  0.275025E+03  0.701464E+03  0.180685E+02 -0.643458E+03
  0.323704E+01  0.358274E+03  0.272493E+03  0.688290E+03  0.168224E+02 -0.618202E+03
  0.328704E+01  0.382468E+03  0.279369E+03  0.671561E+03  0.152747E+02 -0.585300E+03
  0.333704E+01  0.427680E+03  0.304976E+03  0.648352E+03  0.132904E+02 -0.540585E+03
  0.338704E+01  0.485943E+03  0.335094E+03  0.619560E+03  0.107953E+02 -0.482961E+03
  0.343704E+01  0.560120E+03  0.380544E+03  0.573426E+03  0.784795E+01 -0.405740E+03
  0.348704E+01  0.648929E+03  0.544010E+03  0.407147E+03  0.468395E+01 -0.309567E+03
  0.353704E+01  0.759284E+03  0.810325E+03  0.134881E+03  0.180230E+01 -0.188500E+03
  0.358704E+01  0.894267E+03  0.929920E+03  0.572483E+01  0.903009E-01 -0.426383E+02
  0.363704E+01  0.105241E+04  0.876645E+03  0.450163E+02  0.984002E+00  0.128825E+03
  0.368704E+01  0.123334E+04  0.622508E+03  0.279997E+03  0.650838E+01  0.322958E+03
  0.373704E+01  0.143432E+04  0.349763E+03  0.527579E+03  0.191069E+02  0.534152E+03
  0.378704E+01  0.163858E+04  0.281340E+03  0.564568E+03  0.410483E+02  0.749810E+03
  0.383704E+01  0.183880E+04  0.230779E+03  0.578145E+03  0.734517E+02  0.953821E+03
  0.388704E+01  0.203738E+04  0.224819E+03  0.574892E+03  0.115623E+03  0.112331E+04
  0.393704E+01  0.217856E+04  0.220287E+03  0.558686E+03  0.163895E+03  0.123759E+04
  0.398704E+01  0.224574E+04  0.220280E+03  0.531450E+03  0.211464E+03  0.128509E+04
  0.403704E+01  0.224046E+04  0.229214E+03  0.495473E+03  0.250846E+03  0.126676E+04
  0.408704E+01  0.217004E+04  0.251050E+03  0.452576E+03  0.276426E+03  0.119201E+04
  0.413704E+01  0.205094E+04  0.285849E+03  0.403954E+03  0.285791E+03  0.107670E+04
  0.418704E+01  0.189462E+04  0.325573E+03  0.352556E+03  0.279747E+03  0.938192E+03
  0.423705E+01  0.170772E+04  0.351907E+03  0.301236E+03  0.261509E+03  0.794010E+03
  0.428704E+01  0.149384E+04  0.339442E+03  0.255595E+03  0.237006E+03  0.662128E+03
  0.433704E+01  0.128372E+04  0.267371E+03  0.226475E+03  0.219176E+03  0.571501E+03
  0.438704E+01  0.121688E+04  0.140379E+03  0.237057E+03  0.244145E+03  0.595624E+03
  0.443704E+01  0.927797E+03  0.174243E+02  0.182295E+03  0.218714E+03  0.500643E+03
