  R(m)       p(Nm**-2)
   1.504370       2.470170    
   1.537045       4882.055    
   1.587045       25070.10    
   1.637045       52798.04    
   1.687045       81805.97    
   1.737045       109845.7    
   1.787045       136893.7    
   1.837045       163674.0    
   1.887045       190929.4    
   1.937045       219207.6    
   1.987045       248851.2    
   2.037045       280052.2    
   2.087045       312898.7    
   2.137045       347407.2    
   2.187045       383551.3    
   2.237045       421286.5    
   2.287045       460553.7    
   2.337045       501287.0    
   2.387045       543420.3    
   2.437045       586898.2    
   2.487045       631666.8    
   2.537045       677671.3    
   2.587045       724854.2    
   2.637045       773151.0    
   2.687045       822502.3    
   2.737045       872840.6    
   2.787045       924083.9    
   2.837045       976130.1    
   2.887045       1028854.    
   2.937045       1082101.    
   2.987045       1135680.    
   3.037045       1189357.    
   3.087045       1242869.    
   3.137045       1295914.    
   3.187045       1348134.    
   3.237045       1399104.    
   3.287045       1448332.    
   3.337045       1495073.    
   3.387045       1538193.    
   3.437045       1576256.    
   3.487045       1607470.    
   3.537045       1629734.    
   3.587045       1640569.    
   3.600119       1641057.    
   3.637045       1637167.    
   3.687045       1616602.    
   3.737045       1576117.    
   3.787045       1513558.    
   3.837045       1428072.    
   3.887045       1320544.    
   3.937045       1193668.    
   3.987045       1052541.    
   4.037045       903992.9    
   4.087045       755366.4    
   4.137045       613346.6    
   4.187045       483102.3    
   4.237045       367904.5    
   4.287045       268852.8    
   4.337045       183886.0    
   4.387045       103551.4    
   4.437045       13984.27    
   4.452610       2.470170    
  R,          Jphi(MAm**-2)
   1.387045      0.0000000E+00
   1.437045      0.0000000E+00
   1.487045      0.0000000E+00
   1.504370      5.0509918E-02
   1.537045      0.1304894    
   1.587045      0.2872991    
   1.637045      0.3903442    
   1.687045      0.4743896    
   1.737045      0.5591971    
   1.787045      0.6410213    
   1.837045      0.7128483    
   1.887045      0.7694244    
   1.937045      0.8108369    
   1.987045      0.8332114    
   2.037045      0.8387766    
   2.087045      0.8316687    
   2.137045      0.8129852    
   2.187045      0.7834628    
   2.237045      0.7489331    
   2.287045      0.7115187    
   2.337045      0.6721967    
   2.387045      0.6308182    
   2.437045      0.5911822    
   2.487045      0.5540911    
   2.537045      0.5199989    
   2.587045      0.4892714    
   2.637045      0.4597912    
   2.687045      0.4335770    
   2.737045      0.4109990    
   2.787045      0.3920124    
   2.837045      0.3763254    
   2.887045      0.3639476    
   2.937045      0.3548883    
   2.987045      0.3489856    
   3.037045      0.3447884    
   3.087045      0.3426078    
   3.137045      0.3442016    
   3.187045      0.3493534    
   3.237045      0.3582737    
   3.287045      0.3824683    
   3.337045      0.4276800    
   3.387045      0.4859429    
   3.437045      0.5601196    
   3.487045      0.6489288    
   3.537045      0.7592845    
   3.587045      0.8942671    
   3.637045       1.052410    
   3.687045       1.233339    
   3.737045       1.434324    
   3.787045       1.638585    
   3.837045       1.838802    
   3.887045       2.037384    
   3.937045       2.178565    
   3.987045       2.245744    
   4.037045       2.240459    
   4.087045       2.170035    
   4.137045       2.050937    
   4.187045       1.894619    
   4.237045       1.707721    
   4.287045       1.493844    
   4.337045       1.283718    
   4.387045       1.216876    
   4.437045      0.9277971    
   4.452610      9.3441024E-02
   4.487045      0.0000000E+00
   4.537045      0.0000000E+00
   4.587045      0.0000000E+00
