100			#nobs
100			#bign
100			#p
.043			#bandwidth
4			#testno
150			#ntbl
1101			#job
50.00			#factor
0.05			#sigst
  0.369426  0.664586		#errors for y	tvec
 -0.161741   4.74875e-02
  0.110734  0.888196		#These were created using the CMLIB
 -0.892269  0.758726		#random number generators rnor and 
  0.563741   4.12114e-02	#uni with seeds 2345 and 234567
   1.45182  0.539204		#respectively. 
  -1.31448  0.333283
   1.88693  0.316610
 -0.376364  0.110962
  -1.19051  0.802525
  0.119080  0.710972
  0.355376  0.456799
   6.85814e-02  0.394802
 -0.260287  0.200948
  -1.11644   8.98874e-02
 -0.134926  0.720376
 -0.820781  0.323931
   1.64792  0.730215
  0.355515  0.153460
 -0.627039  0.201692
 -0.288621  0.961650
  0.809240  0.282720
 -0.337654  0.191011
 -0.380919  0.820178
   1.52130e-02  0.885082
  0.619401  0.850688
  -7.60663e-02  0.480195
   3.71923e-02  0.480040
   7.20295e-03  0.363379
  0.871532  0.490280
   1.47435  0.649740
 -0.226480  0.390308
  -1.04995  0.759664
 -0.194730   3.94473e-02
 -0.123651  0.760065
  0.258064  0.496280
 -0.399952  0.188616
 -0.458049  0.798014
  0.663119  0.756727
   1.40577  0.569053
 -0.214525  0.676102
  -1.17632  0.303534
  -2.29485  0.947326
  0.946033  0.276532
  -1.91029   8.90136e-02
  0.187062  0.312723
   1.11663  0.813254
  0.179122  0.297587
 -0.279380  0.886225
  -2.96400e-02  0.329350
  -5.08641e-02  0.273276
 -0.580411   5.31892e-02
  -2.51686  0.801307
  -1.16734  0.697609
  0.530081  0.531336
 -0.586954  0.516549
  -1.19345  0.484136
  -1.00249  0.125205
  0.454596  0.394075
 -0.788416  0.584009
  0.295470  0.240016
 -0.467823  0.395122
  -1.33313  0.812482
  -1.78970  0.580821
  0.352242  0.286423
 -0.237447  0.353792
 -0.960140   6.57725e-02
  -1.83060  0.539205
  0.391730  0.527632
 -0.490526  0.485116
  -1.12822  0.656183
 -0.170927  0.534437
  -3.92629e-02   2.26565e-02
  -1.43795   4.34956e-02
 -0.400290  0.359911
  0.238791  0.262108
   1.29887  0.950427
  -1.28274  0.782640
 -0.297425  0.648373
   1.13850  0.547429
  0.637391  0.681287
 -0.485349  0.664004
  0.546681  0.428849
   1.75646  0.582601
 -0.300003   8.22389e-03
  0.592774  0.153656
  -8.13912e-03  0.178889
  0.102742  0.772666
  0.974032   4.81642e-02
 -0.340513  0.985567
   1.62357  0.110160
   1.14206  0.818978
 -0.684942  0.510558
   2.40373   9.77370e-02
   1.34218  0.202927
  0.539613  0.461787
 -0.929959  0.271549
 -0.707846  0.829271
 -0.859077  0.433733
   1.90618  0.774079
