 R(m), ne(m^-3), ni(m^_3), B_T (T) , B_P (T),  B(T), Sfac, T(keV), Pressure
  1.537045E+00  2.321591E+19  1.041865E+19
  8.002103E+00  1.212270E+00  8.093408E+00
  8.064641E+00  8.467580E-01  4.882230E+03
  1.587045E+00  5.324497E+19  2.681551E+19
  7.748917E+00  1.226651E+00  7.845405E+00
  6.594217E+00  1.809674E+00  2.507064E+04
  1.637045E+00  7.496356E+19  4.234094E+19
  7.511166E+00  1.220726E+00  7.609717E+00
  5.863034E+00  2.588040E+00  5.279791E+04
  1.687045E+00  9.163914E+19  5.604759E+19
  7.288073E+00  1.203366E+00  7.386751E+00
  5.338349E+00  3.173010E+00  8.180416E+04
  1.737045E+00  1.048319E+20  6.748302E+19
  7.078823E+00  1.178166E+00  7.176197E+00
  4.945382E+00  3.639819E+00  1.098417E+05
  1.787045E+00  1.151096E+20  7.662832E+19
  6.882141E+00  1.146549E+00  6.976994E+00
  4.631711E+00  4.063908E+00  1.368877E+05
  1.837045E+00  1.229276E+20  8.375062E+19
  6.696914E+00  1.109518E+00  6.788202E+00
  4.385092E+00  4.493187E+00  1.636661E+05
  1.887045E+00  1.287791E+20  8.924225E+19
  6.521947E+00  1.068117E+00  6.608832E+00
  4.187984E+00  4.951445E+00  1.909198E+05
  1.937045E+00  1.331414E+20  9.350246E+19
  6.356120E+00  1.023404E+00  6.437983E+00
  4.028677E+00  5.447586E+00  2.191961E+05
  1.987045E+00  1.364221E+20  9.687438E+19
  6.198443E+00  9.764841E-01  6.274888E+00
  3.899804E+00  5.982464E+00  2.488377E+05
  2.037045E+00  1.389409E+20  9.962598E+19
  6.048035E+00  9.284927E-01  6.118891E+00
  3.794458E+00  6.553060E+00  2.800361E+05
  2.087045E+00  1.409339E+20  1.019536E+20
  5.904182E+00  8.803583E-01  5.969455E+00
  3.705623E+00  7.154668E+00  3.128795E+05
  2.137045E+00  1.425686E+20  1.039945E+20
  5.766211E+00  8.328413E-01  5.826046E+00
  3.630042E+00  7.781985E+00  3.473842E+05
  2.187045E+00  1.439611E+20  1.058425E+20
  5.633490E+00  7.866484E-01  5.688148E+00
  3.566039E+00  8.429767E+00  3.835236E+05
  2.237045E+00  1.451907E+20  1.075600E+20
  5.505677E+00  7.422843E-01  5.555490E+00
  3.507426E+00  9.093262E+00  4.212531E+05
  2.287045E+00  1.463108E+20  1.091880E+20
  5.382386E+00  7.000046E-01  5.427714E+00
  3.453281E+00  9.768199E+00  4.605136E+05
  2.337045E+00  1.473573E+20  1.107530E+20
  5.263233E+00  6.599676E-01  5.304449E+00
  3.402143E+00  1.045082E+01  5.012389E+05
  2.387045E+00  1.483542E+20  1.122719E+20
  5.147830E+00  6.223095E-01  5.185308E+00
  3.352044E+00  1.113791E+01  5.433632E+05
  2.437045E+00  1.493179E+20  1.137555E+20
  5.036070E+00  5.870550E-01  5.070171E+00
  3.302831E+00  1.182688E+01  5.868309E+05
  2.487045E+00  1.502592E+20  1.152105E+20
  4.927728E+00  5.540836E-01  4.958781E+00
  3.253202E+00  1.251553E+01  6.315880E+05
  2.537045E+00  1.511854E+20  1.166410E+20
  4.822594E+00  5.232354E-01  4.850896E+00
  3.202467E+00  1.320197E+01  6.775801E+05
  2.587045E+00  1.521013E+20  1.180492E+20
  4.720482E+00  4.943243E-01  4.746294E+00
  3.152923E+00  1.388452E+01  7.247495E+05
  2.637045E+00  1.530100E+20  1.194358E+20
  4.621086E+00  4.672174E-01  4.644645E+00
  3.101135E+00  1.456167E+01  7.730321E+05
  2.687045E+00  1.539135E+20  1.208011E+20
  4.524377E+00  4.417888E-01  4.545895E+00
  3.048154E+00  1.523218E+01  8.223684E+05
  2.737045E+00  1.548129E+20  1.221449E+20
  4.430232E+00  4.178413E-01  4.449893E+00
  2.994584E+00  1.589490E+01  8.726914E+05
  2.787045E+00  1.557085E+20  1.234663E+20
  4.338528E+00  3.951670E-01  4.356488E+00
  2.940571E+00  1.654866E+01  9.239191E+05
  2.837045E+00  1.566001E+20  1.247640E+20
  4.249138E+00  3.735684E-01  4.265528E+00
  2.886153E+00  1.719224E+01  9.759497E+05
  2.887045E+00  1.574868E+20  1.260361E+20
  4.161966E+00  3.528580E-01  4.176898E+00
  2.829792E+00  1.782433E+01  1.028658E+06
  2.937045E+00  1.583671E+20  1.272803E+20
  4.076941E+00  3.328481E-01  4.090506E+00
  2.778367E+00  1.844347E+01  1.081891E+06
  2.987045E+00  1.592389E+20  1.284938E+20
  3.993986E+00  3.133569E-01  4.006260E+00
  2.725065E+00  1.904800E+01  1.135456E+06
  3.037045E+00  1.600994E+20  1.296731E+20
  3.912999E+00  2.942517E-01  3.924047E+00
  2.671289E+00  1.963606E+01  1.189120E+06
  3.087045E+00  1.609454E+20  1.308146E+20
  3.833980E+00  2.754461E-01  3.843862E+00
  2.616332E+00  2.020569E+01  1.242621E+06
  3.137045E+00  1.617734E+20  1.319145E+20
  3.756985E+00  2.568020E-01  3.765752E+00
  2.564456E+00  2.075484E+01  1.295656E+06
  3.187045E+00  1.625787E+20  1.329680E+20
  3.682039E+00  2.381382E-01  3.689732E+00
  2.508200E+00  2.128110E+01  1.347868E+06
  3.237045E+00  1.633561E+20  1.339698E+20
  3.609194E+00  2.192841E-01  3.615849E+00
  2.445478E+00  2.178170E+01  1.398832E+06
  3.287045E+00  1.640993E+20  1.349137E+20
  3.538568E+00  1.997175E-01  3.544200E+00
  2.376048E+00  2.225352E+01  1.448056E+06
  3.337045E+00  1.647984E+20  1.357894E+20
  3.470382E+00  1.783792E-01  3.474964E+00
  2.307131E+00  2.269135E+01  1.494795E+06
  3.387045E+00  1.654380E+20  1.365804E+20
  3.404993E+00  1.542733E-01  3.408486E+00
  2.245141E+00  2.308688E+01  1.537917E+06
  3.437045E+00  1.659986E+20  1.372656E+20
  3.342791E+00  1.265705E-01  3.345186E+00
  2.189602E+00  2.342959E+01  1.575985E+06
  3.487045E+00  1.664557E+20  1.378188E+20
  3.284347E+00  9.441505E-02  3.285704E+00
  2.156690E+00  2.370630E+01  1.607209E+06
  3.537045E+00  1.667803E+20  1.382087E+20
  3.230441E+00  5.680658E-02  3.230941E+00
  2.133608E+00  2.390138E+01  1.629486E+06
  3.587045E+00  1.669380E+20  1.383973E+20
  3.181852E+00  1.244652E-02  3.181876E+00
  2.122480E+00  2.399572E+01  1.640338E+06
  3.637045E+00  1.668889E+20  1.383387E+20
  3.139201E+00  4.001072E-02  3.139456E+00
  2.125938E+00  2.396639E+01  1.636958E+06
  3.687045E+00  1.665900E+20  1.379805E+20
  3.103215E+00  1.018434E-01  3.104886E+00
  2.147108E+00  2.378718E+01  1.616418E+06
  3.737045E+00  1.659983E+20  1.372652E+20
  3.074448E+00  1.742127E-01  3.079380E+00
  2.189627E+00  2.342938E+01  1.575961E+06
  3.787045E+00  1.650754E+20  1.361332E+20
  3.052565E+00  2.576744E-01  3.063421E+00
  2.280004E+00  2.286327E+01  1.513431E+06
  3.837045E+00  1.637970E+20  1.345314E+20
  3.036944E+00  3.520633E-01  3.057283E+00
  2.405302E+00  2.206238E+01  1.427974E+06
  3.887045E+00  1.621573E+20  1.324187E+20
  3.025924E+00  4.570700E-01  3.060250E+00
  2.538298E+00  2.100671E+01  1.320473E+06
  3.937045E+00  1.601710E+20  1.297704E+20
  3.017458E+00  5.707651E-01  3.070965E+00
  2.666548E+00  1.968459E+01  1.193620E+06
  3.987045E+00  1.578830E+20  1.265985E+20
  3.009079E+00  6.890508E-01  3.086964E+00
  2.805660E+00  1.810406E+01  1.052509E+06
  4.037045E+00  1.553620E+20  1.229571E+20
  2.998587E+00  8.074679E-01  3.105403E+00
  2.961620E+00  1.629653E+01  9.039717E+05
  4.087045E+00  1.526803E+20  1.189341E+20
  2.983976E+00  9.219532E-01  3.123158E+00
  3.119956E+00  1.431616E+01  7.553511E+05
  4.137045E+00  1.498806E+20  1.146251E+20
  2.964208E+00  1.029307E+00  3.137834E+00
  3.273593E+00  1.223716E+01  6.133336E+05
  4.187045E+00  1.469028E+20  1.100689E+20
  2.938756E+00  1.127338E+00  3.147567E+00
  3.424442E+00  1.014884E+01  4.830898E+05
  4.237045E+00  1.433903E+20  1.050723E+20
  2.908117E+00  1.214678E+00  3.151601E+00
  3.592707E+00  8.150928E+00  3.678919E+05
  4.287045E+00  1.381226E+20  9.871203E+19
  2.873559E+00  1.290874E+00  3.150190E+00
  3.828469E+00  6.347885E+00  2.688407E+05
  4.337045E+00  1.274435E+20  8.797125E+19
  2.837406E+00  1.357789E+00  3.145547E+00
  4.233408E+00  4.830910E+00  1.838759E+05
  4.387045E+00  1.020923E+20  6.507881E+19
  2.802759E+00  1.425217E+00  3.144312E+00
  5.023623E+00  3.539317E+00  1.035463E+05
  4.437045E+00  4.017916E+19  1.905975E+19
  2.771839E+00  1.494833E+00  3.149225E+00
  7.134499E+00  1.368828E+00  1.398435E+04
