  118
  1.10882658   0.00000000
  1.10792941   0.04687500
  1.10625000   0.07634909
  1.10524632   0.09375000
  1.10079960   0.14062500
  1.09451306   0.18750000
  1.08628675   0.23437500
  1.07600581   0.28125000
  1.06358464   0.32812500
  1.06250000   0.33176399
  1.04893696   0.37500000
  1.03198063   0.42187500
  1.01875000   0.45429150
  1.01236116   0.46875000
  0.98988190   0.51562500
  0.97500000   0.54397833
  0.96415952   0.56250000
  0.93491736   0.60937500
  0.93125000   0.61509655
  0.90089360   0.65625000
  0.88750000   0.67401080
  0.86137983   0.70312500
  0.84375000   0.72305934
  0.81433861   0.75000000
  0.80000000   0.76388124
  0.75625000   0.79682441
  0.75616030   0.79687500
  0.71250000   0.82468551
  0.66897165   0.84375000
  0.66875000   0.84386645
  0.62500000   0.85812546
  0.58125000   0.86416694
  0.53750000   0.86184443
  0.49375000   0.84997092
  0.48095308   0.84375000
  0.45000000   0.82898611
  0.40858610   0.79687500
  0.40625000   0.79495912
  0.36494007   0.75000000
  0.36250000   0.74698376
  0.33236177   0.70312500
  0.31875000   0.67889471
  0.30693447   0.65625000
  0.28648853   0.60937500
  0.27500000   0.57661329
  0.26994074   0.56250000
  0.25540956   0.51562500
  0.24399922   0.46875000
  0.23494478   0.42187500
  0.23125000   0.39908523
  0.23125000   0.39908523
  0.22681700   0.37500000
  0.21962094   0.32812500
  0.21391807   0.28125000
  0.20945895   0.23437500
  0.20604510   0.18750000
  0.20352774   0.14062500
  0.20180014   0.09375000
  0.20079086   0.04687500
  0.20045888   0.00000000
  0.20079086  -0.04687500
  0.20180014  -0.09375000
  0.20352774  -0.14062500
  0.20604510  -0.18750000
  0.20945895  -0.23437500
  0.21391807  -0.28125000
  0.21962094  -0.32812500
  0.22681700  -0.37500000
  0.23125000  -0.39908523
  0.23494478  -0.42187500
  0.24399922  -0.46875000
  0.25540956  -0.51562500
  0.26994074  -0.56250000
  0.27500000  -0.57661329
  0.28648853  -0.60937500
  0.30693447  -0.65625000
  0.31875000  -0.67889471
  0.33236177  -0.70312500
  0.36250000  -0.74698376
  0.36494007  -0.75000000
  0.40625000  -0.79495912
  0.40858610  -0.79687500
  0.45000000  -0.82898611
  0.48095308  -0.84375000
  0.49375000  -0.84997092
  0.53750000  -0.86184443
  0.58125000  -0.86416694
  0.62500000  -0.85812546
  0.66875000  -0.84386645
  0.66897165  -0.84375000
  0.71250000  -0.82468551
  0.75616030  -0.79687500
  0.75625000  -0.79682441
  0.80000000  -0.76388124
  0.81433861  -0.75000000
  0.84375000  -0.72305934
  0.86137983  -0.70312500
  0.88750000  -0.67401080
  0.90089360  -0.65625000
  0.93125000  -0.61509655
  0.93491736  -0.60937500
  0.96415952  -0.56250000
  0.97500000  -0.54397833
  0.98988190  -0.51562500
  1.01236116  -0.46875000
  1.01875000  -0.45429150
  1.03198063  -0.42187500
  1.04893696  -0.37500000
  1.06250000  -0.33176399
  1.06358464  -0.32812500
  1.07600581  -0.28125000
  1.08628675  -0.23437500
  1.09451306  -0.18750000
  1.10079960  -0.14062500
  1.10524632  -0.09375000
  1.10625000  -0.07634909
  1.10792941  -0.04687500
  1.10882658   0.00000000
