 R(m), ne(m^-3), ni(m^_3), B_T (T) , B_P (T),  B(T), Sfac, T(keV), Pressure
  2.096427E-01  3.106751E+18  2.053717E+18
  1.001713E+01  3.781881E+00  1.070727E+01
  4.459437E+00  3.621391E-01  3.197383E+02
  2.146427E-01  1.005850E+19  6.702654E+18
  9.783988E+00  3.769312E+00  1.048495E+01
  4.238533E+00  7.299831E-01  2.124629E+03
  2.196427E-01  1.686831E+19  1.140601E+19
  9.562440E+00  3.756838E+00  1.027395E+01
  4.048267E+00  1.097020E+00  5.396660E+03
  2.246427E-01  2.340605E+19  1.612414E+19
  9.350956E+00  3.743632E+00  1.007250E+01
  3.860849E+00  1.453277E+00  9.979498E+03
  2.296427E-01  2.962090E+19  2.081581E+19
  9.150299E+00  3.729187E+00  9.881033E+00
  3.701304E+00  1.790553E+00  1.563622E+04
  2.346427E-01  3.551186E+19  2.543889E+19
  8.958653E+00  3.712987E+00  9.697616E+00
  3.547217E+00  2.103196E+00  2.209697E+04
  2.396427E-01  4.109494E+19  2.995285E+19
  8.777141E+00  3.694652E+00  9.523059E+00
  3.413941E+00  2.388477E+00  2.909589E+04
  2.446427E-01  4.638274E+19  3.431983E+19
  8.603876E+00  3.673811E+00  9.355404E+00
  3.287246E+00  2.646353E+00  3.639433E+04
  2.496427E-01  5.137922E+19  3.850660E+19
  8.439950E+00  3.650220E+00  9.195480E+00
  3.175911E+00  2.878937E+00  4.379573E+04
  2.546427E-01  5.608125E+19  4.248545E+19
  8.283725E+00  3.623649E+00  9.041622E+00
  3.071972E+00  3.089759E+00  5.115147E+04
  2.596427E-01  6.048285E+19  4.623519E+19
  8.135899E+00  3.593968E+00  8.894349E+00
  2.979323E+00  3.283082E+00  5.836043E+04
  2.646427E-01  6.457880E+19  4.974138E+19
  7.995363E+00  3.561080E+00  8.752549E+00
  2.894706E+00  3.463333E+00  6.536342E+04
  2.696427E-01  6.836711E+19  5.299633E+19
  7.862157E+00  3.524954E+00  8.616195E+00
  2.818066E+00  3.634714E+00  7.213515E+04
  2.746427E-01  7.185030E+19  5.599860E+19
  7.735896E+00  3.485608E+00  8.484901E+00
  2.749745E+00  3.800963E+00  7.867568E+04
  2.796427E-01  7.503563E+19  5.875230E+19
  7.615827E+00  3.443099E+00  8.357975E+00
  2.686900E+00  3.965252E+00  8.500234E+04
  2.846427E-01  7.793481E+19  6.126616E+19
  7.502353E+00  3.397539E+00  8.235810E+00
  2.632509E+00  4.130166E+00  9.114329E+04
  2.896427E-01  8.056318E+19  6.355253E+19
  7.393919E+00  3.349057E+00  8.117033E+00
  2.581555E+00  4.297741E+00  9.713249E+04
  2.946427E-01  8.293877E+19  6.562636E+19
  7.291698E+00  3.297841E+00  8.002788E+00
  2.539021E+00  4.469517E+00  1.030060E+05
  2.996427E-01  8.508147E+19  6.750427E+19
  7.193439E+00  3.244071E+00  7.891106E+00
  2.498337E+00  4.646621E+00  1.087998E+05
  3.046427E-01  8.701198E+19  6.920371E+19
  7.100924E+00  3.187990E+00  7.783727E+00
  2.465938E+00  4.829825E+00  1.145477E+05
  3.096427E-01  8.875120E+19  7.074232E+19
  7.011433E+00  3.129813E+00  7.678276E+00
  2.434124E+00  5.019627E+00  1.202814E+05
  3.146427E-01  9.031948E+19  7.213728E+19
  6.927123E+00  3.069816E+00  7.576860E+00
  2.410242E+00  5.216285E+00  1.260289E+05
  3.196427E-01  9.173633E+19  7.340508E+19
  6.845243E+00  3.008253E+00  7.477094E+00
  2.386453E+00  5.419894E+00  1.318155E+05
  3.246427E-01  9.301991E+19  7.456104E+19
  6.767570E+00  2.945389E+00  7.380739E+00
  2.369227E+00  5.630390E+00  1.376631E+05
  3.296427E-01  9.418704E+19  7.561934E+19
  6.692127E+00  2.881504E+00  7.286126E+00
  2.352587E+00  5.847622E+00  1.435906E+05
  3.346427E-01  9.525290E+19  7.659274E+19
  6.619797E+00  2.816838E+00  7.194185E+00
  2.340527E+00  6.071340E+00  1.496142E+05
  3.396427E-01  9.623116E+19  7.749276E+19
  6.549582E+00  2.751663E+00  7.104131E+00
  2.329759E+00  6.301247E+00  1.557477E+05
  3.446427E-01  9.713395E+19  7.832954E+19
  6.481646E+00  2.686198E+00  7.016223E+00
  2.321998E+00  6.536995E+00  1.620025E+05
  3.496427E-01  9.797195E+19  7.911202E+19
  6.415627E+00  2.620695E+00  6.930246E+00
  2.315985E+00  6.778210E+00  1.683881E+05
  3.546427E-01  9.875449E+19  7.984800E+19
  6.351288E+00  2.555346E+00  6.846068E+00
  2.311714E+00  7.024498E+00  1.749122E+05
  3.596427E-01  9.948968E+19  8.054419E+19
  6.288581E+00  2.490372E+00  6.763741E+00
  2.309400E+00  7.275455E+00  1.815810E+05
  3.646427E-01  1.001845E+20  8.120642E+19
  6.227201E+00  2.425935E+00  6.683053E+00
  2.307919E+00  7.530679E+00  1.883995E+05
  3.696427E-01  1.008450E+20  8.183962E+19
  6.167109E+00  2.362221E+00  6.604038E+00
  2.308468E+00  7.789762E+00  1.953715E+05
  3.746427E-01  1.014764E+20  8.244806E+19
  6.108192E+00  2.299362E+00  6.526644E+00
  2.309188E+00  8.052317E+00  2.024999E+05
  3.796427E-01  1.020829E+20  8.303529E+19
  6.050171E+00  2.237503E+00  6.450658E+00
  2.311707E+00  8.317953E+00  2.097867E+05
  3.846427E-01  1.026684E+20  8.360438E+19
  5.993266E+00  2.176768E+00  6.376328E+00
  2.314191E+00  8.586312E+00  2.172334E+05
  3.896427E-01  1.032360E+20  8.415786E+19
  5.936986E+00  2.117244E+00  6.303216E+00
  2.317807E+00  8.857035E+00  2.248407E+05
  3.946427E-01  1.037883E+20  8.469789E+19
  5.881694E+00  2.059030E+00  6.231688E+00
  2.321529E+00  9.129798E+00  2.326093E+05
  3.996427E-01  1.043277E+20  8.522628E+19
  5.826982E+00  2.002173E+00  6.161365E+00
  2.325580E+00  9.404282E+00  2.405392E+05
  4.046427E-01  1.048561E+20  8.574453E+19
  5.773037E+00  1.946738E+00  6.092434E+00
  2.329771E+00  9.680194E+00  2.486303E+05
  4.096427E-01  1.053751E+20  8.625390E+19
  5.719757E+00  1.892749E+00  6.024792E+00
  2.333904E+00  9.957260E+00  2.568822E+05
  4.146427E-01  1.058859E+20  8.675543E+19
  5.666982E+00  1.840241E+00  5.958286E+00
  2.337982E+00  1.023522E+01  2.652942E+05
  4.196427E-01  1.063898E+20  8.725001E+19
  5.615038E+00  1.789219E+00  5.893213E+00
  2.341911E+00  1.051384E+01  2.738658E+05
  4.246427E-01  1.068877E+20  8.773834E+19
  5.563322E+00  1.739694E+00  5.828986E+00
  2.345341E+00  1.079290E+01  2.825960E+05
  4.296427E-01  1.073805E+20  8.822103E+19
  5.512543E+00  1.691663E+00  5.766269E+00
  2.348715E+00  1.107220E+01  2.914842E+05
  4.346427E-01  1.078686E+20  8.869857E+19
  5.461931E+00  1.645108E+00  5.704303E+00
  2.351118E+00  1.135154E+01  3.005294E+05
  4.396427E-01  1.083529E+20  8.917139E+19
  5.412133E+00  1.600019E+00  5.643690E+00
  2.353364E+00  1.163077E+01  3.097307E+05
  4.446427E-01  1.088336E+20  8.963980E+19
  5.362733E+00  1.556356E+00  5.584008E+00
  2.354810E+00  1.190972E+01  3.190872E+05
  4.496427E-01  1.093113E+20  9.010410E+19
  5.313886E+00  1.514095E+00  5.525384E+00
  2.355719E+00  1.218825E+01  3.285979E+05
  4.546427E-01  1.097862E+20  9.056451E+19
  5.265686E+00  1.473193E+00  5.467883E+00
  2.356088E+00  1.246622E+01  3.382618E+05
  4.596427E-01  1.102586E+20  9.102120E+19
  5.217782E+00  1.433611E+00  5.411145E+00
  2.355186E+00  1.274351E+01  3.480778E+05
  4.646427E-01  1.107287E+20  9.147434E+19
  5.170743E+00  1.395304E+00  5.355694E+00
  2.354298E+00  1.302001E+01  3.580448E+05
  4.696427E-01  1.111968E+20  9.192403E+19
  5.123811E+00  1.358226E+00  5.300775E+00
  2.351654E+00  1.329562E+01  3.681616E+05
  4.746427E-01  1.116630E+20  9.237036E+19
  5.077702E+00  1.322333E+00  5.247058E+00
  2.348995E+00  1.357022E+01  3.784268E+05
  4.796427E-01  1.121273E+20  9.281340E+19
  5.031962E+00  1.287571E+00  5.194081E+00
  2.345027E+00  1.384374E+01  3.888391E+05
  4.846427E-01  1.125900E+20  9.325319E+19
  4.986787E+00  1.253891E+00  5.142013E+00
  2.340353E+00  1.411608E+01  3.993967E+05
  4.896427E-01  1.130509E+20  9.368976E+19
  4.942228E+00  1.221242E+00  5.090879E+00
  2.335212E+00  1.438715E+01  4.100980E+05
  4.946427E-01  1.135103E+20  9.412313E+19
  4.897995E+00  1.189572E+00  5.040380E+00
  2.328798E+00  1.465687E+01  4.209408E+05
  4.996427E-01  1.139681E+20  9.455328E+19
  4.854549E+00  1.158830E+00  4.990945E+00
  2.322487E+00  1.492517E+01  4.319230E+05
  5.046427E-01  1.144244E+20  9.498020E+19
  4.811308E+00  1.128966E+00  4.941988E+00
  2.314465E+00  1.519195E+01  4.430420E+05
  5.096427E-01  1.148790E+20  9.540386E+19
  4.768788E+00  1.099933E+00  4.893996E+00
  2.306409E+00  1.545715E+01  4.542949E+05
  5.146427E-01  1.153320E+20  9.582422E+19
  4.726704E+00  1.071680E+00  4.846672E+00
  2.297490E+00  1.572067E+01  4.656785E+05
  5.196427E-01  1.157834E+20  9.624121E+19
  4.685110E+00  1.044162E+00  4.800055E+00
  2.287883E+00  1.598245E+01  4.771893E+05
  5.246427E-01  1.162330E+20  9.665478E+19
  4.644156E+00  1.017329E+00  4.754277E+00
  2.278183E+00  1.624239E+01  4.888232E+05
  5.296427E-01  1.166808E+20  9.706484E+19
  4.603483E+00  9.911411E-01  4.708972E+00
  2.267249E+00  1.650040E+01  5.005756E+05
  5.346427E-01  1.171266E+20  9.747131E+19
  4.563517E+00  9.655533E-01  4.664545E+00
  2.256497E+00  1.675641E+01  5.124418E+05
  5.396427E-01  1.175705E+20  9.787409E+19
  4.523870E+00  9.405247E-01  4.620605E+00
  2.244954E+00  1.701031E+01  5.244160E+05
  5.446427E-01  1.180121E+20  9.827306E+19
  4.484796E+00  9.160176E-01  4.577388E+00
  2.233291E+00  1.726202E+01  5.364923E+05
  5.496427E-01  1.184515E+20  9.866812E+19
  4.446229E+00  8.919912E-01  4.534821E+00
  2.221439E+00  1.751144E+01  5.486641E+05
  5.546427E-01  1.188884E+20  9.905912E+19
  4.408035E+00  8.684123E-01  4.492763E+00
  2.209059E+00  1.775846E+01  5.609240E+05
  5.596427E-01  1.193226E+20  9.944594E+19
  4.370491E+00  8.452429E-01  4.451475E+00
  2.196899E+00  1.800298E+01  5.732641E+05
  5.646427E-01  1.197540E+20  9.982841E+19
  4.333188E+00  8.224536E-01  4.410550E+00
  2.184143E+00  1.824488E+01  5.856757E+05
  5.696427E-01  1.201824E+20  1.002064E+20
  4.296492E+00  8.000163E-01  4.370339E+00
  2.171559E+00  1.848405E+01  5.981497E+05
  5.746427E-01  1.206074E+20  1.005797E+20
  4.260205E+00  7.778979E-01  4.330643E+00
  2.158879E+00  1.872038E+01  6.106760E+05
  5.796427E-01  1.210290E+20  1.009482E+20
  4.224342E+00  7.560747E-01  4.291470E+00
  2.146122E+00  1.895374E+01  6.232437E+05
  5.846427E-01  1.214468E+20  1.013117E+20
  4.189038E+00  7.345152E-01  4.252946E+00
  2.133578E+00  1.918401E+01  6.358415E+05
  5.896427E-01  1.218606E+20  1.016699E+20
  4.153992E+00  7.132005E-01  4.214772E+00
  2.120827E+00  1.941105E+01  6.484568E+05
  5.946427E-01  1.222700E+20  1.020228E+20
  4.119525E+00  6.921097E-01  4.177260E+00
  2.108343E+00  1.963472E+01  6.610768E+05
  5.996427E-01  1.226749E+20  1.023700E+20
  4.085395E+00  6.712188E-01  4.140168E+00
  2.095893E+00  1.985490E+01  6.736874E+05
  6.046427E-01  1.230748E+20  1.027114E+20
  4.051716E+00  6.505130E-01  4.103604E+00
  2.083596E+00  2.007143E+01  6.862742E+05
  6.096427E-01  1.234694E+20  1.030467E+20
  4.018507E+00  6.299671E-01  4.067586E+00
  2.071512E+00  2.028418E+01  6.988218E+05
  6.146427E-01  1.238585E+20  1.033758E+20
  3.985602E+00  6.095703E-01  4.031947E+00
  2.059472E+00  2.049299E+01  7.113138E+05
  6.196427E-01  1.242416E+20  1.036983E+20
  3.953232E+00  5.893045E-01  3.996914E+00
  2.047732E+00  2.069770E+01  7.237334E+05
  6.246427E-01  1.246184E+20  1.040142E+20
  3.921145E+00  5.691560E-01  3.962236E+00
  2.035923E+00  2.089817E+01  7.360628E+05
  6.296427E-01  1.249885E+20  1.043230E+20
  3.889527E+00  5.491169E-01  3.928097E+00
  2.024338E+00  2.109424E+01  7.482837E+05
  6.346427E-01  1.253515E+20  1.046246E+20
  3.858310E+00  5.291673E-01  3.894428E+00
  2.012964E+00  2.128574E+01  7.603771E+05
  6.396427E-01  1.257071E+20  1.049187E+20
  3.827436E+00  5.093018E-01  3.861173E+00
  2.001738E+00  2.147251E+01  7.723229E+05
  6.446427E-01  1.260548E+20  1.052050E+20
  3.797063E+00  4.895023E-01  3.828486E+00
  1.990856E+00  2.165440E+01  7.841011E+05
  6.496427E-01  1.263942E+20  1.054834E+20
  3.766935E+00  4.697651E-01  3.796114E+00
  1.979194E+00  2.183121E+01  7.956901E+05
  6.546427E-01  1.267249E+20  1.057535E+20
  3.737294E+00  4.500874E-01  3.764299E+00
  1.967885E+00  2.200280E+01  8.070688E+05
  6.596427E-01  1.270464E+20  1.060151E+20
  3.708010E+00  4.304204E-01  3.732908E+00
  1.956517E+00  2.216899E+01  8.182151E+05
  6.646427E-01  1.273583E+20  1.062678E+20
  3.679117E+00  4.107077E-01  3.701971E+00
  1.945230E+00  2.232959E+01  8.291047E+05
  6.696427E-01  1.276600E+20  1.065114E+20
  3.650662E+00  3.909119E-01  3.671532E+00
  1.934351E+00  2.248438E+01  8.397119E+05
  6.746427E-01  1.279510E+20  1.067455E+20
  3.622537E+00  3.710202E-01  3.641488E+00
  1.923748E+00  2.263313E+01  8.500099E+05
  6.796427E-01  1.282308E+20  1.069697E+20
  3.594874E+00  3.510177E-01  3.611971E+00
  1.913624E+00  2.277564E+01  8.599714E+05
  6.846427E-01  1.284987E+20  1.071837E+20
  3.567551E+00  3.308885E-01  3.582863E+00
  1.904456E+00  2.291165E+01  8.695682E+05
  6.896427E-01  1.287542E+20  1.073871E+20
  3.540656E+00  3.106204E-01  3.554255E+00
  1.895871E+00  2.304094E+01  8.787716E+05
  6.946427E-01  1.289966E+20  1.075796E+20
  3.514154E+00  2.901962E-01  3.526116E+00
  1.887484E+00  2.316326E+01  8.875525E+05
  6.996427E-01  1.292254E+20  1.077607E+20
  3.488039E+00  2.696035E-01  3.498443E+00
  1.879297E+00  2.327837E+01  8.958810E+05
  7.046427E-01  1.294400E+20  1.079300E+20
  3.462348E+00  2.488267E-01  3.471278E+00
  1.871697E+00  2.338601E+01  9.037271E+05
  7.096427E-01  1.296396E+20  1.080871E+20
  3.437023E+00  2.278526E-01  3.444567E+00
  1.864870E+00  2.348592E+01  9.110602E+05
  7.146427E-01  1.298238E+20  1.082317E+20
  3.412128E+00  2.066679E-01  3.418381E+00
  1.858603E+00  2.357784E+01  9.178500E+05
  7.196427E-01  1.299917E+20  1.083633E+20
  3.387610E+00  1.852586E-01  3.392672E+00
  1.852387E+00  2.366150E+01  9.240656E+05
  7.246427E-01  1.301428E+20  1.084815E+20
  3.363508E+00  1.636126E-01  3.367485E+00
  1.846728E+00  2.373662E+01  9.296767E+05
  7.296427E-01  1.302764E+20  1.085858E+20
  3.339802E+00  1.417168E-01  3.342807E+00
  1.840802E+00  2.380293E+01  9.346529E+05
  7.346427E-01  1.303919E+20  1.086757E+20
  3.316498E+00  1.195598E-01  3.318652E+00
  1.835102E+00  2.386015E+01  9.389643E+05
  7.396427E-01  1.304886E+20  1.087510E+20
  3.293597E+00  9.712971E-02  3.295028E+00
  1.828581E+00  2.390799E+01  9.425818E+05
  7.446427E-01  1.305658E+20  1.088110E+20
  3.271092E+00  7.441518E-02  3.271938E+00
  1.820728E+00  2.394617E+01  9.454766E+05
  7.496427E-01  1.306229E+20  1.088554E+20
  3.248987E+00  5.140647E-02  3.249394E+00
  1.814927E+00  2.397439E+01  9.476214E+05
  7.546427E-01  1.306594E+20  1.088837E+20
  3.227277E+00  2.809681E-02  3.227399E+00
  1.811234E+00  2.399237E+01  9.489897E+05
  7.596427E-01  1.306744E+20  1.088954E+20
  3.205959E+00  4.500372E-03  3.205962E+00
  1.809706E+00  2.399981E+01  9.495566E+05
  7.646427E-01  1.306676E+20  1.088901E+20
  3.185029E+00  1.947286E-02  3.185089E+00
  1.810400E+00  2.399643E+01  9.492990E+05
  7.696427E-01  1.306382E+20  1.088673E+20
  3.164483E+00  4.372819E-02  3.164785E+00
  1.813377E+00  2.398194E+01  9.481956E+05
  7.746427E-01  1.305858E+20  1.088266E+20
  3.144314E+00  6.831120E-02  3.145056E+00
  1.818697E+00  2.395605E+01  9.462271E+05
  7.796427E-01  1.305098E+20  1.087675E+20
  3.124514E+00  9.322039E-02  3.125905E+00
  1.826421E+00  2.391849E+01  9.433770E+05
  7.846427E-01  1.304097E+20  1.086896E+20
  3.105077E+00  1.184548E-01  3.107335E+00
  1.834222E+00  2.386898E+01  9.396313E+05
  7.896427E-01  1.302852E+20  1.085926E+20
  3.085991E+00  1.440130E-01  3.089349E+00
  1.840369E+00  2.380727E+01  9.349791E+05
  7.946427E-01  1.301357E+20  1.084759E+20
  3.067248E+00  1.698911E-01  3.071949E+00
  1.846994E+00  2.373309E+01  9.294124E+05
  7.996427E-01  1.299610E+20  1.083393E+20
  3.048832E+00  1.960820E-01  3.055131E+00
  1.853539E+00  2.364621E+01  9.229271E+05
  8.046427E-01  1.297607E+20  1.081823E+20
  3.030736E+00  2.225766E-01  3.038898E+00
  1.860745E+00  2.354639E+01  9.155224E+05
  8.096427E-01  1.295347E+20  1.080046E+20
  3.012940E+00  2.493637E-01  3.023242E+00
  1.868455E+00  2.343343E+01  9.072015E+05
  8.146427E-01  1.292827E+20  1.078059E+20
  2.995431E+00  2.764294E-01  3.008159E+00
  1.877254E+00  2.330713E+01  8.979718E+05
  8.196427E-01  1.290047E+20  1.075859E+20
  2.978196E+00  3.037582E-01  2.993647E+00
  1.887195E+00  2.316732E+01  8.878447E+05
  8.246427E-01  1.287005E+20  1.073445E+20
  2.961205E+00  3.313314E-01  2.979684E+00
  1.897668E+00  2.301384E+01  8.768361E+05
  8.296427E-01  1.283704E+20  1.070813E+20
  2.944467E+00  3.591290E-01  2.966287E+00
  1.908786E+00  2.284658E+01  8.649660E+05
  8.346427E-01  1.280143E+20  1.067963E+20
  2.927914E+00  3.871274E-01  2.953396E+00
  1.921450E+00  2.266543E+01  8.522590E+05
  8.396427E-01  1.276326E+20  1.064893E+20
  2.911605E+00  4.153042E-01  2.941074E+00
  1.935355E+00  2.247032E+01  8.387439E+05
  8.446427E-01  1.272254E+20  1.061602E+20
  2.895403E+00  4.436315E-01  2.929192E+00
  1.950031E+00  2.226121E+01  8.244537E+05
  8.496427E-01  1.267931E+20  1.058091E+20
  2.879417E+00  4.720886E-01  2.917861E+00
  1.965564E+00  2.203810E+01  8.094258E+05
  8.546427E-01  1.263361E+20  1.054358E+20
  2.863492E+00  5.006940E-01  2.906937E+00
  1.981190E+00  2.180100E+01  7.937005E+05
  8.596427E-01  1.258550E+20  1.050406E+20
  2.847698E+00  5.294508E-01  2.896498E+00
  1.997099E+00  2.154995E+01  7.773198E+05
  8.646427E-01  1.253501E+20  1.046234E+20
  2.831979E+00  5.583224E-01  2.886491E+00
  2.013009E+00  2.128499E+01  7.603292E+05
  8.696427E-01  1.248222E+20  1.041844E+20
  2.816269E+00  5.872630E-01  2.876847E+00
  2.029531E+00  2.100623E+01  7.427779E+05
  8.746427E-01  1.242718E+20  1.037237E+20
  2.800665E+00  6.162368E-01  2.867660E+00
  2.046810E+00  2.071382E+01  7.247182E+05
  8.796427E-01  1.236998E+20  1.032418E+20
  2.784966E+00  6.452041E-01  2.858728E+00
  2.064367E+00  2.040794E+01  7.062048E+05
  8.846427E-01  1.231070E+20  1.027388E+20
  2.769305E+00  6.741246E-01  2.850174E+00
  2.082610E+00  2.008885E+01  6.872947E+05
  8.896427E-01  1.224943E+20  1.022153E+20
  2.753633E+00  7.029735E-01  2.841947E+00
  2.101487E+00  1.975682E+01  6.680465E+05
  8.946427E-01  1.218626E+20  1.016717E+20
  2.737822E+00  7.317176E-01  2.833916E+00
  2.120764E+00  1.941216E+01  6.485192E+05
  8.996427E-01  1.212130E+20  1.011084E+20
  2.722004E+00  7.603315E-01  2.826200E+00
  2.140600E+00  1.905525E+01  6.287728E+05
  9.046427E-01  1.205464E+20  1.005262E+20
  2.706064E+00  7.887989E-01  2.818685E+00
  2.160740E+00  1.868648E+01  6.088665E+05
  9.096427E-01  1.198638E+20  9.992548E+19
  2.689957E+00  8.171006E-01  2.811320E+00
  2.180904E+00  1.830629E+01  5.888592E+05
  9.146427E-01  1.191664E+20  9.930702E+19
  2.673771E+00  8.452281E-01  2.804186E+00
  2.201257E+00  1.791515E+01  5.688081E+05
  9.196427E-01  1.184553E+20  9.867149E+19
  2.657387E+00  8.731779E-01  2.797167E+00
  2.221332E+00  1.751357E+01  5.487689E+05
  9.246427E-01  1.177313E+20  9.801958E+19
  2.640763E+00  9.009477E-01  2.790222E+00
  2.240691E+00  1.710209E+01  5.287950E+05
  9.296427E-01  1.169956E+20  9.735204E+19
  2.623985E+00  9.285435E-01  2.783431E+00
  2.259644E+00  1.668126E+01  5.089373E+05
  9.346427E-01  1.162491E+20  9.666958E+19
  2.606968E+00  9.559769E-01  2.776720E+00
  2.277786E+00  1.625170E+01  4.892437E+05
  9.396427E-01  1.154928E+20  9.597295E+19
  2.589586E+00  9.832601E-01  2.769974E+00
  2.294054E+00  1.581400E+01  4.697591E+05
  9.446427E-01  1.147275E+20  9.526285E+19
  2.571963E+00  1.010410E+00  2.763318E+00
  2.309083E+00  1.536883E+01  4.505251E+05
  9.496427E-01  1.139540E+20  9.453997E+19
  2.554070E+00  1.037448E+00  2.756733E+00
  2.322682E+00  1.491686E+01  4.315800E+05
  9.546427E-01  1.131729E+20  9.380495E+19
  2.535693E+00  1.064396E+00  2.750033E+00
  2.333502E+00  1.445878E+01  4.129584E+05
  9.596427E-01  1.123848E+20  9.305834E+19
  2.516944E+00  1.091273E+00  2.743335E+00
  2.342419E+00  1.399532E+01  3.946917E+05
  9.646427E-01  1.115900E+20  9.230060E+19
  2.497830E+00  1.118100E+00  2.736659E+00
  2.349409E+00  1.352724E+01  3.768077E+05
  9.696427E-01  1.107887E+20  9.153207E+19
  2.478284E+00  1.144897E+00  2.729960E+00
  2.354007E+00  1.305533E+01  3.593310E+05
  9.746427E-01  1.099809E+20  9.075289E+19
  2.458120E+00  1.171676E+00  2.723083E+00
  2.355715E+00  1.258042E+01  3.422829E+05
  9.796427E-01  1.091659E+20  8.996295E+19
  2.437502E+00  1.198438E+00  2.716186E+00
  2.355443E+00  1.210337E+01  3.256815E+05
  9.846427E-01  1.083431E+20  8.916183E+19
  2.416405E+00  1.225187E+00  2.709261E+00
  2.353319E+00  1.162510E+01  3.095422E+05
  9.896427E-01  1.075108E+20  8.834865E+19
  2.394753E+00  1.251915E+00  2.702246E+00
  2.349447E+00  1.114657E+01  2.938771E+05
  9.946427E-01  1.066671E+20  8.752199E+19
  2.372430E+00  1.278592E+00  2.695036E+00
  2.343823E+00  1.066881E+01  2.786956E+05
  9.996427E-01  1.058087E+20  8.667962E+19
  2.349599E+00  1.305175E+00  2.687768E+00
  2.337366E+00  1.019289E+01  2.640044E+05
  1.004643E+00  1.049313E+20  8.581831E+19
  2.326257E+00  1.331620E+00  2.680426E+00
  2.330368E+00  9.719976E+00  2.498072E+05
  1.009643E+00  1.040289E+20  8.493346E+19
  2.302382E+00  1.357867E+00  2.672970E+00
  2.323219E+00  9.251276E+00  2.361046E+05
  1.014643E+00  1.030934E+20  8.401867E+19
  2.277928E+00  1.383817E+00  2.665315E+00
  2.316854E+00  8.788085E+00  2.228937E+05
  1.019643E+00  1.021137E+20  8.306516E+19
  2.253083E+00  1.409354E+00  2.657567E+00
  2.311836E+00  8.331776E+00  2.101681E+05
  1.024643E+00  1.010752E+20  8.206106E+19
  2.227897E+00  1.434371E+00  2.649706E+00
  2.308663E+00  7.883791E+00  1.979166E+05
  1.029643E+00  9.995828E+19  8.099034E+19
  2.202428E+00  1.458748E+00  2.641710E+00
  2.307869E+00  7.445627E+00  1.861224E+05
  1.034643E+00  9.873718E+19  7.983165E+19
  2.176815E+00  1.482320E+00  2.633590E+00
  2.311767E+00  7.018819E+00  1.747615E+05
  1.039643E+00  9.737799E+19  7.855682E+19
  2.151232E+00  1.504905E+00  2.625365E+00
  2.320285E+00  6.604930E+00  1.638015E+05
  1.044643E+00  9.583660E+19  7.712895E+19
  2.125807E+00  1.526350E+00  2.617021E+00
  2.334199E+00  6.205485E+00  1.531983E+05
  1.049643E+00  9.405612E+19  7.550024E+19
  2.100684E+00  1.546507E+00  2.608554E+00
  2.354527E+00  5.821888E+00  1.428931E+05
  1.054643E+00  9.196403E+19  7.360959E+19
  2.076089E+00  1.565229E+00  2.600017E+00
  2.383109E+00  5.455286E+00  1.328073E+05
  1.059643E+00  8.946957E+19  7.138031E+19
  2.052433E+00  1.582363E+00  2.591593E+00
  2.423478E+00  5.106354E+00  1.228378E+05
  1.064643E+00  8.646154E+19  6.871833E+19
  2.029737E+00  1.597796E+00  2.583174E+00
  2.475523E+00  4.774939E+00  1.128495E+05
  1.069643E+00  8.280775E+19  6.551177E+19
  2.008193E+00  1.611485E+00  2.574825E+00
  2.541486E+00  4.459432E+00  1.026684E+05
  1.074643E+00  7.835720E+19  6.163308E+19
  1.987993E+00  1.623442E+00  2.566647E+00
  2.624104E+00  4.155780E+00  9.207551E+04
  1.079643E+00  7.294692E+19  5.694571E+19
  1.969318E+00  1.633733E+00  2.558769E+00
  2.726820E+00  3.855918E+00  8.081151E+04
  1.084643E+00  6.641412E+19  5.131693E+19
  1.952328E+00  1.642473E+00  2.551333E+00
  2.854288E+00  3.545493E+00  6.860495E+04
  1.089643E+00  5.861169E+19  4.463860E+19
  1.937263E+00  1.649773E+00  2.544551E+00
  3.015740E+00  3.201124E+00  5.525748E+04
  1.094643E+00  4.941579E+19  3.685552E+19
  1.923927E+00  1.655627E+00  2.538227E+00
  3.217110E+00  2.788742E+00  4.083359E+04
  1.099643E+00  3.869500E+19  2.799860E+19
  1.912195E+00  1.659675E+00  2.531997E+00
  3.468632E+00  2.267387E+00  2.599107E+04
  1.104643E+00  2.620916E+19  1.821533E+19
  1.901855E+00  1.660953E+00  2.525038E+00
  3.785742E+00  1.605939E+00  1.237704E+04
  1.109643E+00  1.164936E+19  7.785069E+18
  1.892583E+00  1.657843E+00  2.516011E+00
  4.189976E+00  8.151723E-01  2.753688E+03
