   50    33    65
100000000.00   0.98015500
  0.10000000
  0.14687500
  0.19375000
  0.24062500
  0.28750000
  0.33437500
  0.38125000
  0.42812500
  0.47500000
  0.52187500
  0.56875000
  0.61562500
  0.66250000
  0.70937500
  0.75625000
  0.80312500
  0.85000000
  0.89687500
  0.94375000
  0.99062500
  1.03750000
  1.08437500
  1.13125000
  1.17812500
  1.22500000
  1.27187500
  1.31875000
  1.36562500
  1.41250000
  1.45937500
  1.50625000
  1.55312500
  1.60000000
 -1.75000000
 -1.69531250
 -1.64062500
 -1.58593750
 -1.53125000
 -1.47656250
 -1.42187500
 -1.36718750
 -1.31250000
 -1.25781250
 -1.20312500
 -1.14843750
 -1.09375000
 -1.03906250
 -0.98437500
 -0.92968750
 -0.87500000
 -0.82031250
 -0.76562500
 -0.71093750
 -0.65625000
 -0.60156250
 -0.54687500
 -0.49218750
 -0.43750000
 -0.38281250
 -0.32812500
 -0.27343750
 -0.21875000
 -0.16406250
 -0.10937500
 -0.05468750
  0.00000000
  0.05468750
  0.10937500
  0.16406250
  0.21875000
  0.27343750
  0.32812500
  0.38281250
  0.43750000
  0.49218750
  0.54687500
  0.60156250
  0.65625000
  0.71093750
  0.76562500
  0.82031250
  0.87500000
  0.92968750
  0.98437500
  1.03906250
  1.09375000
  1.14843750
  1.20312500
  1.25781250
  1.31250000
  1.36718750
  1.42187500
  1.47656250
  1.53125000
  1.58593750
  1.64062500
  1.69531250
  1.75000000
 -0.79304202
 -0.80728018
 -0.81847275
 -0.82786132
 -0.83553624
 -0.84164034
 -0.84633154
 -0.84976237
 -0.85207033
 -0.85337476
 -0.85377726
 -0.85336425
 -0.85221046
 -0.85038290
 -0.84794499
 -0.84496028
 -0.84149579
 -0.83762432
 -0.83342574
 -0.82898701
 -0.82440095
 -0.81976406
 -0.81517348
 -0.81072372
 -0.80650333
 -0.80259244
 -0.79906175
 -0.79597255
 -0.79337670
 -0.79131616
 -0.78982273
 -0.78891825
 -0.78861538
 -0.78891825
 -0.78982273
 -0.79131616
 -0.79337670
 -0.79597255
 -0.79906175
 -0.80259244
 -0.80650333
 -0.81072372
 -0.81517348
 -0.81976406
 -0.82440095
 -0.82898701
 -0.83342574
 -0.83762432
 -0.84149579
 -0.84496028
 -0.84794499
 -0.85038290
 -0.85221046
 -0.85336425
 -0.85377726
 -0.85337476
 -0.85207033
 -0.84976237
 -0.84633154
 -0.84164034
 -0.83553624
 -0.82786132
 -0.81847275
 -0.80728018
 -0.79304202
 -0.70019493
 -0.72839249
 -0.75254466
 -0.77269143
 -0.78909035
 -0.80208762
 -0.81204453
 -0.81929973
 -0.82415298
 -0.82686106
 -0.82764052
 -0.82667396
 -0.82411821
 -0.82011329
 -0.81479157
 -0.80828640
 -0.80073955
 -0.79230673
 -0.78316045
 -0.77348999
 -0.76349846
 -0.75339749
 -0.74340027
 -0.73371432
 -0.72453360
 -0.71603152
 -0.70835910
 -0.70164779
 -0.69601034
 -0.69153763
 -0.68829748
 -0.68633586
 -0.68567913
 -0.68633586
 -0.68829748
 -0.69153763
 -0.69601034
 -0.70164779
 -0.70835910
 -0.71603152
 -0.72453360
 -0.73371432
 -0.74340027
 -0.75339749
 -0.76349846
 -0.77348999
 -0.78316045
 -0.79230673
 -0.80073955
 -0.80828640
 -0.81479157
 -0.82011329
 -0.82411821
 -0.82667396
 -0.82764052
 -0.82686106
 -0.82415298
 -0.81929973
 -0.81204453
 -0.80208762
 -0.78909035
 -0.77269143
 -0.75254466
 -0.72839249
 -0.70019493
 -0.57355649
 -0.62304779
 -0.66502087
 -0.69977526
 -0.72790646
 -0.75010138
 -0.76703228
 -0.77930736
 -0.78745294
 -0.79191275
 -0.79305626
 -0.79119165
 -0.78658124
 -0.77945786
 -0.77004162
 -0.75855570
 -0.74524033
 -0.73036315
 -0.71422465
 -0.69715788
 -0.67952273
 -0.66169595
 -0.64405706
 -0.62697647
 -0.61079970
 -0.59583051
 -0.58232823
 -0.57052044
 -0.56060661
 -0.55274618
 -0.54705558
 -0.54361218
 -0.54245968
 -0.54361218
 -0.54705558
 -0.55274618
 -0.56060661
 -0.57052044
 -0.58232823
 -0.59583051
 -0.61079970
 -0.62697647
 -0.64405706
 -0.66169595
 -0.67952273
 -0.69715788
 -0.71422465
 -0.73036315
 -0.74524033
 -0.75855570
 -0.77004162
 -0.77945786
 -0.78658124
 -0.79119165
 -0.79305626
 -0.79191275
 -0.78745294
 -0.77930736
 -0.76703228
 -0.75010138
 -0.72790646
 -0.69977526
 -0.66502087
 -0.62304779
 -0.57355649
 -0.41810702
 -0.49498014
 -0.55939014
 -0.61225883
 -0.65477365
 -0.68813849
 -0.71345992
 -0.73170284
 -0.74368215
 -0.75007254
 -0.75142745
 -0.74820236
 -0.74078037
 -0.72949888
 -0.71467662
 -0.69663987
 -0.67574580
 -0.65240031
 -0.62706740
 -0.60026829
 -0.57257123
 -0.54457529
 -0.51688205
 -0.49008288
 -0.46473066
 -0.44129764
 -0.42017078
 -0.40169703
 -0.38619654
 -0.37391862
 -0.36503841
 -0.35966879
 -0.35787228
 -0.35966879
 -0.36503841
 -0.37391862
 -0.38619654
 -0.40169703
 -0.42017078
 -0.44129764
 -0.46473066
 -0.49008288
 -0.51688205
 -0.54457529
 -0.57257123
 -0.60026829
 -0.62706740
 -0.65240031
 -0.67574580
 -0.69663987
 -0.71467662
 -0.72949888
 -0.74078037
 -0.74820236
 -0.75142745
 -0.75007254
 -0.74368215
 -0.73170284
 -0.71345992
 -0.68813849
 -0.65477365
 -0.61225883
 -0.55939014
 -0.49498014
 -0.41810702
 -0.23946954
 -0.34940819
 -0.44029892
 -0.51420751
 -0.57322774
 -0.61927675
 -0.65402112
 -0.67886424
 -0.69496282
 -0.70325657
 -0.70450344
 -0.69931719
 -0.68820613
 -0.67161286
 -0.64995486
 -0.62366478
 -0.59322759
 -0.55920973
 -0.52227478
 -0.48318114
 -0.44276357
 -0.40191450
 -0.36151601
 -0.32245097
 -0.28555880
 -0.25152041
 -0.22084114
 -0.19400223
 -0.17150653
 -0.15371512
 -0.14086498
 -0.13310255
 -0.13050678
 -0.13310255
 -0.14086498
 -0.15371512
 -0.17150653
 -0.19400223
 -0.22084114
 -0.25152041
 -0.28555880
 -0.32245097
 -0.36151601
 -0.40191450
 -0.44276357
 -0.48318114
 -0.52227478
 -0.55920973
 -0.59322759
 -0.62366478
 -0.64995486
 -0.67161286
 -0.68820613
 -0.69931719
 -0.70450344
 -0.70325657
 -0.69496282
 -0.67886424
 -0.65402112
 -0.61927675
 -0.57322774
 -0.51420751
 -0.44029892
 -0.34940819
 -0.23946954
 -0.04565698
 -0.19318589
 -0.31356615
 -0.41056534
 -0.48749062
 -0.54715066
 -0.59187801
 -0.62357754
 -0.64378394
 -0.65372047
 -0.65435584
 -0.64645930
 -0.63065490
 -0.60747675
 -0.57742655
 -0.54103266
 -0.49890721
 -0.45179331
 -0.40059147
 -0.34635419
 -0.29024503
 -0.23355638
 -0.17749171
 -0.12331234
 -0.07228740
 -0.02535703
  0.01695489
  0.05404609
  0.08506727
  0.10954047
  0.12718241
  0.13782558
  0.14138235
  0.13782558
  0.12718241
  0.10954047
  0.08506727
  0.05404609
  0.01695489
 -0.02535703
 -0.07228740
 -0.12331234
 -0.17749171
 -0.23355638
 -0.29024503
 -0.34635419
 -0.40059147
 -0.45179331
 -0.49890721
 -0.54103266
 -0.57742655
 -0.60747675
 -0.63065490
 -0.64645930
 -0.65435584
 -0.65372047
 -0.64378394
 -0.62357754
 -0.59187801
 -0.54715066
 -0.48749062
 -0.41056534
 -0.31356615
 -0.19318589
 -0.04565698
  0.15282435
 -0.03472567
 -0.18606268
 -0.30703081
 -0.40235594
 -0.47585140
 -0.53057619
 -0.56896611
 -0.59294427
 -0.60401523
 -0.60334697
 -0.59184494
 -0.57022292
 -0.53907516
 -0.49895366
 -0.45045197
 -0.39429142
 -0.33139765
 -0.26294811
 -0.19036619
 -0.11517987
 -0.03931373
  0.03577446
  0.10834904
  0.17637960
  0.23855925
  0.29402235
  0.34205607
  0.38199817
  0.41340021
  0.43598411
  0.44958865
  0.45413180
  0.44958865
  0.43598411
  0.41340021
  0.38199817
  0.34205607
  0.29402235
  0.23855925
  0.17637960
  0.10834904
  0.03577446
 -0.03931373
 -0.11517987
 -0.19036619
 -0.26294811
 -0.33139765
 -0.39429142
 -0.45045197
 -0.49895366
 -0.53907516
 -0.57022292
 -0.59184494
 -0.60334697
 -0.60401523
 -0.59294427
 -0.56896611
 -0.53057619
 -0.47585140
 -0.40235594
 -0.30703081
 -0.18606268
 -0.03472567
  0.15282435
  0.34360018
  0.11640289
 -0.06542275
 -0.20983717
 -0.32301709
 -0.40979021
 -0.47393551
 -0.51840343
 -0.54548319
 -0.55693393
 -0.55409143
 -0.53796012
 -0.50929909
 -0.46871033
 -0.41673741
 -0.35398023
 -0.28122391
 -0.19956342
 -0.11049413
 -0.01596963
  0.08229839
  0.18099491
  0.27744826
  0.36943430
  0.45498972
  0.53266673
  0.60144657
  0.66058063
  0.70949960
  0.74782132
  0.77531394
  0.79184970
  0.79736753
  0.79184970
  0.77531394
  0.74782132
  0.70949960
  0.66058063
  0.60144657
  0.53266673
  0.45498972
  0.36943430
  0.27744826
  0.18099491
  0.08229839
 -0.01596963
 -0.11049413
 -0.19956342
 -0.28122391
 -0.35398023
 -0.41673741
 -0.46871033
 -0.50929909
 -0.53796012
 -0.55409143
 -0.55693393
 -0.54548319
 -0.51840343
 -0.47393551
 -0.40979021
 -0.32301709
 -0.20983717
 -0.06542275
  0.11640289
  0.34360018
  0.51361511
  0.25013878
  0.04038744
 -0.12545024
 -0.25484566
 -0.35353111
 -0.42592100
 -0.47541197
 -0.50460133
 -0.51545031
 -0.50941112
 -0.48753242
 -0.45055566
 -0.39901512
 -0.33335599
 -0.25408533
 -0.16196267
 -0.05820176
  0.05539216
  0.17572914
  0.29883886
  0.42105425
  0.53927200
  0.65095777
  0.75406900
  0.84709098
  0.92896451
  0.99896767
  1.05662054
  1.10163190
  1.13384576
  1.15319091
  1.15964125
  1.15319091
  1.13384576
  1.10163190
  1.05662054
  0.99896767
  0.92896451
  0.84709098
  0.75406900
  0.65095777
  0.53927200
  0.42105425
  0.29883886
  0.17572914
  0.05539216
 -0.05820176
 -0.16196267
 -0.25408533
 -0.33335599
 -0.39901512
 -0.45055566
 -0.48753242
 -0.50941112
 -0.51545031
 -0.50460133
 -0.47541197
 -0.42592100
 -0.35353111
 -0.25484566
 -0.12545024
  0.04038744
  0.25013878
  0.51361511
  0.65030366
  0.35668041
  0.12357312
 -0.06021812
 -0.20314007
 -0.31160508
 -0.39050169
 -0.44355351
 -0.47357389
 -0.48265035
 -0.47228325
 -0.44349629
 -0.39693463
 -0.33296697
 -0.25181355
 -0.15373189
 -0.03929746
  0.09024999
  0.23089241
  0.37773897
  0.52617304
  0.67207871
  0.81199857
  0.94316396
  1.06345001
  1.17132836
  1.26577312
  1.34614245
  1.41207000
  1.46338027
  1.50001711
  1.52198483
  1.52930410
  1.52198483
  1.50001711
  1.46338027
  1.41207000
  1.34614245
  1.26577312
  1.17132836
  1.06345001
  0.94316396
  0.81199857
  0.67207871
  0.52617304
  0.37773897
  0.23089241
  0.09024999
 -0.03929746
 -0.15373189
 -0.25181355
 -0.33296697
 -0.39693463
 -0.44349629
 -0.47228325
 -0.48265035
 -0.47357389
 -0.44355351
 -0.39050169
 -0.31160508
 -0.20314007
 -0.06021812
  0.12357312
  0.35668041
  0.65030366
  0.74247088
  0.42718352
  0.17701321
 -0.02001566
 -0.17287048
 -0.28832230
 -0.37150810
 -0.42631736
 -0.45566053
 -0.46165859
 -0.44578067
 -0.40894860
 -0.35162428
 -0.27389722
 -0.17559895
 -0.05649830
  0.08329502
  0.24016033
  0.40821883
  0.58174502
  0.75547620
  0.92482521
  1.08601416
  1.23609512
  1.37289353
  1.49491505
  1.60122192
  1.69129704
  1.76491722
  1.82204633
  1.86274803
  1.88711722
  1.89523064
  1.88711722
  1.86274803
  1.82204633
  1.76491722
  1.69129704
  1.60122192
  1.49491505
  1.37289353
  1.23609512
  1.08601416
  0.92482521
  0.75547620
  0.58174502
  0.40821883
  0.24016033
  0.08329502
 -0.05649830
 -0.17559895
 -0.27389722
 -0.35162428
 -0.40894860
 -0.44578067
 -0.46165859
 -0.45566053
 -0.42631736
 -0.37150810
 -0.28832230
 -0.17287048
 -0.02001566
  0.17701321
  0.42718352
  0.74247088
  0.78102867
  0.45437594
  0.19471120
 -0.00992330
 -0.16844763
 -0.28760082
 -0.37250013
 -0.42701409
 -0.45401632
 -0.45556066
 -0.43300353
 -0.38709003
 -0.31801663
 -0.22548239
 -0.10874738
  0.03325733
  0.19958764
  0.38382670
  0.57920198
  0.77916544
  0.97779836
  1.17004549
  1.35183496
  1.52007860
  1.67258813
  1.80794359
  1.92533683
  2.02441080
  2.10511157
  2.16756251
  2.21196264
  2.23850880
  2.24734079
  2.23850880
  2.21196264
  2.16756251
  2.10511157
  2.02441080
  1.92533683
  1.80794359
  1.67258813
  1.52007860
  1.35183496
  1.17004549
  0.97779836
  0.77916544
  0.57920198
  0.38382670
  0.19958764
  0.03325733
 -0.10874738
 -0.22548239
 -0.31801663
 -0.38709003
 -0.43300353
 -0.45556066
 -0.45401632
 -0.42701409
 -0.37250013
 -0.28760082
 -0.16844763
 -0.00992330
  0.19471120
  0.45437594
  0.78102867
  0.75977858
  0.43309010
  0.17215532
 -0.03397688
 -0.19354164
 -0.31282869
 -0.39665659
 -0.44868210
 -0.47160813
 -0.46732459
 -0.43700165
 -0.38114673
 -0.29963119
 -0.19168860
 -0.05587990
  0.10999851
  0.30232521
  0.51347143
  0.73565857
  0.96149697
  1.18439742
  1.39883638
  1.60046283
  1.78607272
  1.95349088
  2.10140054
  2.22915171
  2.33657204
  2.42379597
  2.49112082
  2.53889180
  2.56741534
  2.57689885
  2.56741534
  2.53889180
  2.49112082
  2.42379597
  2.33657204
  2.22915171
  2.10140054
  1.95349088
  1.78607272
  1.60046283
  1.39883638
  1.18439742
  0.96149697
  0.73565857
  0.51347143
  0.30232521
  0.10999851
 -0.05587990
 -0.19168860
 -0.29963119
 -0.38114673
 -0.43700165
 -0.46732459
 -0.47160813
 -0.44868210
 -0.39665659
 -0.31282869
 -0.19354164
 -0.03397688
  0.17215532
  0.43309010
  0.75977858
  0.67620319
  0.36064273
  0.10653399
 -0.09502350
 -0.25097293
 -0.36677389
 -0.44669563
 -0.49401304
 -0.51114089
 -0.49972355
 -0.46068891
 -0.39426955
 -0.29998967
 -0.17661003
 -0.02201429
  0.16699588
  0.38435145
  0.62149057
  0.86965160
  1.12057406
  1.36697966
  1.60286375
  1.82359375
  2.02585567
  2.20749809
  2.36732096
  2.50484675
  2.62010066
  2.71341578
  2.78527113
  2.83616379
  2.86651368
  2.87659810
  2.86651368
  2.83616379
  2.78527113
  2.71341578
  2.62010066
  2.50484675
  2.36732096
  2.20749809
  2.02585567
  1.82359375
  1.60286375
  1.36697966
  1.12057406
  0.86965160
  0.62149057
  0.38435145
  0.16699588
 -0.02201429
 -0.17661003
 -0.29998967
 -0.39426955
 -0.46068891
 -0.49972355
 -0.51114089
 -0.49401304
 -0.44669563
 -0.36677389
 -0.25097293
 -0.09502350
  0.10653399
  0.36064273
  0.67620319
  0.53183877
  0.23688905
 -0.00326128
 -0.19471265
 -0.34268951
 -0.45154996
 -0.52483123
 -0.56530038
 -0.57499744
 -0.55526437
 -0.50675465
 -0.42941766
 -0.32244874
 -0.18419003
 -0.01195831
  0.19823185
  0.43897228
  0.70071555
  0.97369484
  1.24873604
  1.51783204
  1.77446250
  2.01368721
  2.23206476
  2.42745701
  2.59877538
  2.74571313
  2.86849293
  2.96764698
  3.04383635
  3.09771024
  3.12980216
  3.14045940
  3.12980216
  3.09771024
  3.04383635
  2.96764698
  2.86849293
  2.74571313
  2.59877538
  2.42745701
  2.23206476
  2.01368721
  1.77446250
  1.51783204
  1.24873604
  0.97369484
  0.70071555
  0.43897228
  0.19823185
 -0.01195831
 -0.18419003
 -0.32244874
 -0.42941766
 -0.50675465
 -0.55526437
 -0.57499744
 -0.56530038
 -0.52483123
 -0.45154996
 -0.34268951
 -0.19471265
 -0.00326128
  0.23688905
  0.53183877
  0.33156639
  0.06378772
 -0.15688394
 -0.33362996
 -0.46983133
 -0.56863712
 -0.63276621
 -0.66441227
 -0.66519466
 -0.63612631
 -0.57758067
 -0.48924378
 -0.37003636
 -0.21798562
 -0.03001431
  0.19839570
  0.46014100
  0.74458610
  1.04089267
  1.33891809
  1.62986390
  1.90663211
  2.16391942
  2.39811098
  2.60704581
  2.78971972
  2.94597694
  3.07622338
  3.18117996
  3.26168226
  3.31852607
  3.35235474
  3.36358328
  3.35235474
  3.31852607
  3.26168226
  3.18117996
  3.07622338
  2.94597694
  2.78971972
  2.60704581
  2.39811098
  2.16391942
  1.90663211
  1.62986390
  1.33891809
  1.04089267
  0.74458610
  0.46014100
  0.19839570
 -0.03001431
 -0.21798562
 -0.37003636
 -0.48924378
 -0.57758067
 -0.63612631
 -0.66519466
 -0.66441227
 -0.63276621
 -0.56863712
 -0.46983133
 -0.33362996
 -0.15688394
  0.06378772
  0.33156639
  0.08178037
 -0.15546177
 -0.35298413
 -0.51154428
 -0.63286425
 -0.71894908
 -0.77171659
 -0.79278703
 -0.78335680
 -0.74411428
 -0.67517193
 -0.57599529
 -0.44531090
 -0.28097080
 -0.07973697
  0.16308273
  0.44269327
  0.74732852
  1.06505364
  1.38469890
  1.69659096
  1.99296180
  2.26805568
  2.51800503
  2.74055978
  2.93474752
  3.10052300
  3.23844512
  3.34940112
  3.43438468
  3.49432651
  3.52997186
  3.54179884
  3.52997186
  3.49432651
  3.43438468
  3.34940112
  3.23844512
  3.10052300
  2.93474752
  2.74055978
  2.51800503
  2.26805568
  1.99296180
  1.69659096
  1.38469890
  1.06505364
  0.74732852
  0.44269327
  0.16308273
 -0.07973697
 -0.28097080
 -0.44531090
 -0.57599529
 -0.67517193
 -0.74411428
 -0.78335680
 -0.79278703
 -0.77171659
 -0.71894908
 -0.63286425
 -0.51154428
 -0.35298413
 -0.15546177
  0.08178037
 -0.21151383
 -0.41737215
 -0.58973002
 -0.72770593
 -0.83175172
 -0.90292817
 -0.94245791
 -0.95144668
 -0.93070517
 -0.88062881
 -0.80110706
 -0.69144155
 -0.55025568
 -0.37537869
 -0.16368177
  0.08918249
  0.38264134
  0.70417285
  1.04082316
  1.38035081
  1.71210713
  2.02753089
  2.32028770
  2.58614017
  2.82264826
  3.02878887
  3.20456274
  3.35063268
  3.46801587
  3.55783765
  3.62114486
  3.65877212
  3.67125341
  3.65877212
  3.62114486
  3.55783765
  3.46801587
  3.35063268
  3.20456274
  3.02878887
  2.82264826
  2.58614017
  2.32028770
  2.02753089
  1.71210713
  1.38035081
  1.04082316
  0.70417285
  0.38264134
  0.08918249
 -0.16368177
 -0.37537869
 -0.55025568
 -0.69144155
 -0.80110706
 -0.88062881
 -0.93070517
 -0.95144668
 -0.94245791
 -0.90292817
 -0.83175172
 -0.72770593
 -0.58973002
 -0.41737215
 -0.21151383
 -0.54372179
 -0.71886811
 -0.86525429
 -0.98112687
 -1.06612768
 -1.12064814
 -1.14538163
 -1.14102192
 -1.10806128
 -1.04665314
 -0.95651271
 -0.83683635
 -0.68622579
 -0.50260964
 -0.28317119
 -0.02435591
  0.27760900
  0.61165495
  0.96388732
  1.32094898
  1.67110185
  2.00484109
  2.31509031
  2.59708438
  2.84805278
  3.06680441
  3.25329263
  3.40821253
  3.53265781
  3.62784667
  3.69491480
  3.73476813
  3.74798624
  3.73476813
  3.69491480
  3.62784667
  3.53265781
  3.40821253
  3.25329263
  3.06680441
  2.84805278
  2.59708438
  2.31509031
  2.00484109
  1.67110185
  1.32094898
  0.96388732
  0.61165495
  0.27760900
 -0.02435591
 -0.28317119
 -0.50260964
 -0.68622579
 -0.83683635
 -0.95651271
 -1.04665314
 -1.10806128
 -1.14102192
 -1.14538163
 -1.12064814
 -1.06612768
 -0.98112687
 -0.86525429
 -0.71886811
 -0.54372179
 -0.91184784
 -1.05763104
 -1.17794900
 -1.27079484
 -1.33544084
 -1.37190607
 -1.38054992
 -1.36178146
 -1.31585928
 -1.24275544
 -1.14206152
 -1.01291957
 -0.85396706
 -0.66329113
 -0.43839424
 -0.17616715
  0.12727984
  0.46801848
  0.83130280
  1.20260605
  1.56899204
  1.91984896
  2.24716385
  2.54544409
  2.81140462
  3.04352876
  3.24159463
  3.40623004
  3.53853034
  3.63975205
  3.71108142
  3.75347052
  3.76753022
  3.75347052
  3.71108142
  3.63975205
  3.53853034
  3.40623004
  3.24159463
  3.04352876
  2.81140462
  2.54544409
  2.24716385
  1.91984896
  1.56899204
  1.20260605
  0.83130280
  0.46801848
  0.12727984
 -0.17616715
 -0.43839424
 -0.66329113
 -0.85396706
 -1.01291957
 -1.14206152
 -1.24275544
 -1.31585928
 -1.36178146
 -1.38054992
 -1.37190607
 -1.33544084
 -1.27079484
 -1.17794900
 -1.05763104
 -0.91184784
 -1.31431292
 -1.43218305
 -1.52661075
 -1.59580484
 -1.63905373
 -1.65629013
 -1.64773899
 -1.61365866
 -1.55416261
 -1.46910175
 -1.35798864
 -1.21994895
 -1.05369154
 -0.85749515
 -0.62921713
 -0.36634121
 -0.06611466
  0.27376735
  0.64202238
  1.02290884
  1.40224918
  1.76818057
  2.11154219
  2.42587609
  2.70715348
  2.95332971
  3.16383933
  3.33910901
  3.48013355
  3.58813247
  3.66428935
  3.70956721
  3.72458831
  3.70956721
  3.66428935
  3.58813247
  3.48013355
  3.33910901
  3.16383933
  2.95332971
  2.70715348
  2.42587609
  2.11154219
  1.76818057
  1.40224918
  1.02290884
  0.64202238
  0.27376735
 -0.06611466
 -0.36634121
 -0.62921713
 -0.85749515
 -1.05369154
 -1.21994895
 -1.35798864
 -1.46910175
 -1.55416261
 -1.61365866
 -1.64773899
 -1.65629013
 -1.63905373
 -1.59580484
 -1.52661075
 -1.43218305
 -1.31431292
 -1.75071213
 -1.84184117
 -1.91047680
 -1.95541414
 -1.97629116
 -1.97321546
 -1.94646419
 -1.89626972
 -1.82267994
 -1.72547433
 -1.60411802
 -1.45774117
 -1.28513687
 -1.08477742
 -0.85485537
 -0.59336393
 -0.29824144
  0.03241445
  0.39768821
  0.78163209
  1.16900756
  1.54662229
  1.90396451
  2.23334430
  2.52971941
  2.79026941
  3.01387193
  3.20057775
  3.35114458
  3.46665235
  3.54820807
  3.59673624
  3.61284230
  3.59673624
  3.54820807
  3.46665235
  3.35114458
  3.20057775
  3.01387193
  2.79026941
  2.52971941
  2.23334430
  1.90396451
  1.54662229
  1.16900756
  0.78163209
  0.39768821
  0.03241445
 -0.29824144
 -0.59336393
 -0.85485537
 -1.08477742
 -1.28513687
 -1.45774117
 -1.60411802
 -1.72547433
 -1.82267994
 -1.89626972
 -1.94646419
 -1.97321546
 -1.97629116
 -1.95541414
 -1.91047680
 -1.84184117
 -1.75071213
 -2.22162487
 -2.28662816
 -2.32919352
 -2.34903424
 -2.34643925
 -2.32192491
 -2.27598231
 -2.20891932
 -2.12077627
 -2.01129090
 -1.87989326
 -1.72571906
 -1.54763669
 -1.34428951
 -1.11415964
 -0.85566378
 -0.56729188
 -0.24777633
  0.10375803
  0.48177076
  0.87002693
  1.25398565
  1.62162488
  1.96374181
  2.27398885
  2.54848471
  2.78529254
  2.98386646
  3.14454966
  3.26814552
  3.35558265
  3.40767742
  3.42497822
  3.40767742
  3.35558265
  3.26814552
  3.14454966
  2.98386646
  2.78529254
  2.54848471
  2.27398885
  1.96374181
  1.62162488
  1.25398565
  0.87002693
  0.48177076
  0.10375803
 -0.24777633
 -0.56729188
 -0.85566378
 -1.11415964
 -1.34428951
 -1.54763669
 -1.72571906
 -1.87989326
 -2.01129090
 -2.12077627
 -2.20891932
 -2.27598231
 -2.32192491
 -2.34643925
 -2.34903424
 -2.32919352
 -2.28662816
 -2.22162487
 -2.72849890
 -2.76717853
 -2.78274142
 -2.77616982
 -2.74869646
 -2.70145283
 -2.63526881
 -2.55059129
 -2.44747681
 -2.32562188
 -2.18440915
 -2.02295928
 -1.84018729
 -1.63486689
 -1.40571008
 -1.15147102
 -0.87108241
 -0.56382955
 -0.22956435
  0.13081142
  0.51003776
  0.89242326
  1.26441638
  1.61501470
  1.93630279
  2.22304003
  2.47218482
  2.68232714
  2.85317466
  2.98507753
  3.07864839
  3.13449859
  3.15306321
  3.13449859
  3.07864839
  2.98507753
  2.85317466
  2.68232714
  2.47218482
  2.22304003
  1.93630279
  1.61501470
  1.26441638
  0.89242326
  0.51003776
  0.13081142
 -0.22956435
 -0.56382955
 -0.87108241
 -1.15147102
 -1.40571008
 -1.63486689
 -1.84018729
 -2.02295928
 -2.18440915
 -2.32562188
 -2.44747681
 -2.55059129
 -2.63526881
 -2.70145283
 -2.74869646
 -2.77616982
 -2.78274142
 -2.76717853
 -2.72849890
 -3.27360234
 -3.28464656
 -3.27132144
 -3.23630429
 -3.18207475
 -3.11055031
 -3.02296906
 -2.91992398
 -2.80146320
 -2.66720458
 -2.51644192
 -2.34823801
 -2.16150817
 -1.95510219
 -1.72789364
 -1.47888562
 -1.20734122
 -0.91294619
 -0.59601640
 -0.25776184
  0.09943116
  0.46919922
  0.83675370
  1.18890825
  1.51609163
  1.81142981
  2.07048637
  2.29067707
  2.47081830
  2.61059247
  2.71011517
  2.76966208
  2.78947910
  2.76966208
  2.71011517
  2.61059247
  2.47081830
  2.29067707
  2.07048637
  1.81142981
  1.51609163
  1.18890825
  0.83675370
  0.46919922
  0.09943116
 -0.25776184
 -0.59601640
 -0.91294619
 -1.20734122
 -1.47888562
 -1.72789364
 -1.95510219
 -2.16150817
 -2.34823801
 -2.51644192
 -2.66720458
 -2.80146320
 -2.91992398
 -3.02296906
 -3.11055031
 -3.18207475
 -3.23630429
 -3.27132144
 -3.28464656
 -3.27360234
 -3.86003207
 -3.84060173
 -3.79518581
 -3.72871893
 -3.64524353
 -3.54756981
 -3.43732469
 -3.31517231
 -3.18106387
 -3.03445528
 -2.87447860
 -2.70007426
 -2.51009699
 -2.30340915
 -2.07897320
 -1.83595340
 -1.57383442
 -1.29256283
 -0.99271670
 -0.67570457
 -0.34395610
 -0.00127966
  0.34996447
  0.69335725
  1.01825377
  1.31587973
  1.58019644
  1.80708870
  1.99422955
  2.14040071
  2.24498738
  2.30776087
  2.32868351
  2.30776087
  2.24498738
  2.14040071
  1.99422955
  1.80708870
  1.58019644
  1.31587973
  1.01825377
  0.69335725
  0.34996447
 -0.00127966
 -0.34395610
 -0.67570457
 -0.99271670
 -1.29256283
 -1.57383442
 -1.83595340
 -2.07897320
 -2.30340915
 -2.51009699
 -2.70007426
 -2.87447860
 -3.03445528
 -3.18106387
 -3.31517231
 -3.43732469
 -3.54756981
 -3.64524353
 -3.72871893
 -3.79518581
 -3.84060173
 -3.86003207
 -4.49176531
 -4.43687313
 -4.35437137
 -4.25221662
 -4.13630425
 -4.01030854
 -3.87607958
 -3.73416226
 -3.58424321
 -3.42548269
 -3.25674727
 -3.07677224
 -2.88428059
 -2.67807904
 -2.45714666
 -2.22072645
 -1.96842724
 -1.70033940
 -1.41716419
 -1.12034798
 -0.81219161
 -0.49584888
 -0.17488109
  0.14526915
  0.45619896
  0.74644597
  1.00852116
  1.23627807
  1.42612424
  1.57574304
  1.68347828
  1.74839525
  1.77007241
  1.74839525
  1.68347828
  1.57574304
  1.42612424
  1.23627807
  1.00852116
  0.74644597
  0.45619896
  0.14526915
 -0.17488109
 -0.49584888
 -0.81219161
 -1.12034798
 -1.41716419
 -1.70033940
 -1.96842724
 -2.22072645
 -2.45714666
 -2.67807904
 -2.88428059
 -3.07677224
 -3.25674727
 -3.42548269
 -3.58424321
 -3.73416226
 -3.87607958
 -4.01030854
 -4.13630425
 -4.25221662
 -4.35437137
 -4.43687313
 -4.49176531
 -5.17373662
 -5.07526211
 -4.94825218
 -4.80470363
 -4.65248362
 -4.49581650
 -4.33637665
 -4.17424813
 -4.00859747
 -3.83810778
 -3.66125169
 -3.47646502
 -3.28226364
 -3.07733134
 -2.86059636
 -2.63130748
 -2.38911581
 -2.13416410
 -1.86718099
 -1.58957038
 -1.30347539
 -1.01178544
 -0.71812719
 -0.42722529
 -0.14483433
  0.12453543
  0.37378929
  0.59348197
  0.77920326
  0.92747817
  1.03510918
  1.10026058
  1.12206137
  1.10026058
  1.03510918
  0.92747817
  0.77920326
  0.59348197
  0.37378929
  0.12453543
 -0.14483433
 -0.42722529
 -0.71812719
 -1.01178544
 -1.30347539
 -1.58957038
 -1.86718099
 -2.13416410
 -2.38911581
 -2.63130748
 -2.86059636
 -3.07733134
 -3.28226364
 -3.47646502
 -3.66125169
 -3.83810778
 -4.00859747
 -4.17424813
 -4.33637665
 -4.49581650
 -4.65248362
 -4.80470363
 -4.94825218
 -5.07526211
 -5.17373662
 -5.91191026
 -5.75694074
 -5.57475642
 -5.38257061
 -5.18974714
 -5.00019081
 -4.81466751
 -4.63228920
 -4.45136840
 -4.26989698
 -4.08581446
 -3.89716205
 -3.70217730
 -3.49936055
 -3.28753116
 -3.06588314
 -2.83404474
 -2.59214263
 -2.34086701
 -2.08153011
 -1.81610655
 -1.54724737
 -1.27828863
 -1.01336060
 -0.75713418
 -0.51430952
 -0.29047639
 -0.09136681
  0.08058428
  0.22087389
  0.32362306
  0.38610147
  0.40705025
  0.38610147
  0.32362306
  0.22087389
  0.08058428
 -0.09136681
 -0.29047639
 -0.51430952
 -0.75713418
 -1.01336060
 -1.27828863
 -1.54724737
 -1.81610655
 -2.08153011
 -2.34086701
 -2.59214263
 -2.83404474
 -3.06588314
 -3.28753116
 -3.49936055
 -3.70217730
 -3.89716205
 -4.08581446
 -4.26989698
 -4.45136840
 -4.63228920
 -4.81466751
 -5.00019081
 -5.18974714
 -5.38257061
 -5.57475642
 -5.75694074
 -5.91191026
 -6.71329853
 -6.48106890
 -6.22897865
 -5.97983994
 -5.74238156
 -5.51840847
 -5.30667169
 -5.10466825
 -4.90948747
 -4.71821598
 -4.52813264
 -4.33680314
 -4.14212939
 -3.94238110
 -3.73622403
 -3.52275125
 -3.30151969
 -3.07259075
 -2.83657121
 -2.59464837
 -2.34861219
 -2.10086055
 -1.85439256
 -1.61279236
 -1.38007571
 -1.16052355
 -0.95870198
 -0.77903235
 -0.62490223
 -0.50009705
 -0.40851587
 -0.35267702
 -0.33392457
 -0.35267702
 -0.40851587
 -0.50009705
 -0.62490223
 -0.77903235
 -0.95870198
 -1.16052355
 -1.38007571
 -1.61279236
 -1.85439256
 -2.10086055
 -2.34861219
 -2.59464837
 -2.83657121
 -3.07259075
 -3.30151969
 -3.52275125
 -3.73622403
 -3.94238110
 -4.14212939
 -4.33680314
 -4.52813264
 -4.71821598
 -4.90948747
 -5.10466825
 -5.30667169
 -5.51840847
 -5.74238156
 -5.97983994
 -6.22897865
 -6.48106890
 -6.71329853
 -7.58584755
 -7.24122708
 -6.90086973
 -6.58721008
 -6.30269466
 -6.04428942
 -5.80743448
 -5.58737682
 -5.37966278
 -5.18030959
 -4.98584848
 -4.79332011
 -4.60025748
 -4.40467180
 -4.20504714
 -4.00034523
 -3.79001902
 -3.57403193
 -3.35287838
 -3.12760004
 -2.89979219
 -2.67159620
 -2.44567533
 -2.22516535
 -2.01356578
 -1.81460782
 -1.63219248
 -1.47005089
 -1.33150733
 -1.21979059
 -1.13786856
 -1.08788655
 -1.07109096
 -1.08788655
 -1.13786856
 -1.21979059
 -1.33150733
 -1.47005089
 -1.63219248
 -1.81460782
 -2.01356578
 -2.22516535
 -2.44567533
 -2.67159620
 -2.89979219
 -3.12760004
 -3.35287838
 -3.57403193
 -3.79001902
 -4.00034523
 -4.20504714
 -4.40467180
 -4.60025748
 -4.79332011
 -4.98584848
 -5.18030959
 -5.37966278
 -5.58737682
 -5.80743448
 -6.04428942
 -6.30269466
 -6.58721008
 -6.90086973
 -7.24122708
 -7.58584755
 -8.53551999
 -8.01587530
 -7.57247937
 -7.19156755
 -6.86110908
 -6.57070683
 -6.31153091
 -6.07618552
 -5.85851524
 -5.65340958
 -5.45663541
 -5.26470587
 -5.07478455
 -4.88462011
 -4.69250561
 -4.49725704
 -4.29820559
 -4.09519822
 -3.88860119
 -3.67930105
 -3.46869788
 -3.25868635
 -3.05162022
 -2.85025404
 -2.65765296
 -2.47708267
 -2.31189398
 -2.16533035
 -2.04043828
 -1.93999552
 -1.86642763
 -1.82155180
 -1.80647098
 -1.82155180
 -1.86642763
 -1.93999552
 -2.04043828
 -2.16533035
 -2.31189398
 -2.47708267
 -2.65765296
 -2.85025404
 -3.05162022
 -3.25868635
 -3.46869788
 -3.67930105
 -3.88860119
 -4.09519822
 -4.29820559
 -4.49725704
 -4.69250561
 -4.88462011
 -5.07478455
 -5.26470587
 -5.45663541
 -5.65340958
 -5.85851524
 -6.07618552
 -6.31153091
 -6.57070683
 -6.86110908
 -7.19156755
 -7.57247937
 -8.01587530
 -8.53551999
 -9.33923587
 -8.75753727
 -8.21827064
 -7.77699131
 -7.40693359
 -7.09012248
 -6.81343416
 -6.56690015
 -6.34275983
 -6.13486612
 -5.93829554
 -5.74908848
 -5.56407597
 -5.38076583
 -5.19726985
 -5.01225924
 -4.82493896
 -4.63503308
 -4.44277490
 -4.24889599
 -4.05460929
 -3.86158162
 -3.67189127
 -3.48796721
 -3.31250884
 -3.14838806
 -2.99853321
 -2.86580788
 -2.75291287
 -2.66227969
 -2.59596307
 -2.55551887
 -2.54192904
 -2.55551887
 -2.59596307
 -2.66227969
 -2.75291287
 -2.86580788
 -2.99853321
 -3.14838806
 -3.31250884
 -3.48796721
 -3.67189127
 -3.86158162
 -4.05460929
 -4.24889599
 -4.44277490
 -4.63503308
 -4.82493896
 -5.01225924
 -5.19726985
 -5.38076583
 -5.56407597
 -5.74908848
 -5.93829554
 -6.13486612
 -6.34275983
 -6.56690015
 -6.81343416
 -7.09012248
 -7.40693359
 -7.77699131
 -8.21827064
 -8.75753727
 -9.33923587
  0.99000000   0.03972000
  0.97000000   0.11748000
  0.95000000   0.19300000
  0.93000000   0.26628000
  0.91000000   0.33732000
  0.89000000   0.40612000
  0.87000000   0.47268000
  0.85000000   0.53700000
  0.83000000   0.59908000
  0.81000000   0.65892000
  0.79000000   0.71652000
  0.77000000   0.77188000
  0.75000000   0.82500000
  0.73000000   0.87588000
  0.71000000   0.92452000
  0.69000000   0.97092000
  0.67000000   1.01508000
  0.65000000   1.05700000
  0.63000000   1.09668000
  0.61000000   1.13412000
  0.59000000   1.16932000
  0.57000000   1.20228000
  0.55000000   1.23300000
  0.53000000   1.26148000
  0.51000000   1.28772000
  0.49000000   1.31172000
  0.47000000   1.33348000
  0.45000000   1.35300000
  0.43000000   1.37028000
  0.41000000   1.38532000
  0.39000000   1.39812000
  0.37000000   1.40868000
  0.35000000   1.41700000
  0.33000000   1.42308000
  0.31000000   1.42692000
  0.29000000   1.42852000
  0.27000000   1.42788000
  0.25000000   1.42500000
  0.23000000   1.41988000
  0.21000000   1.41252000
  0.19000000   1.40292000
  0.17000000   1.39108000
  0.15000000   1.37700000
  0.13000000   1.36068000
  0.11000000   1.34212000
  0.09000000   1.32132000
  0.07000000   1.29828000
  0.05000000   1.27300000
  0.03000000   1.24548000
  0.01000000   1.21572000
