  122
  1.74742467   0.00000000
  1.74594620   0.05625000
  1.74149339   0.11250000
  1.73401916   0.16875000
  1.72346246   0.22500000
  1.70977414   0.28125000
  1.70312500   0.30396443
  1.69290499   0.33750000
  1.67258128   0.39375000
  1.64874686   0.45000000
  1.64375000   0.46078667
  1.62080291   0.50625000
  1.58891624   0.56250000
  1.58437500   0.57011754
  1.55173870   0.61875000
  1.52500000   0.65619566
  1.50949616   0.67500000
  1.46562500   0.72688587
  1.46125866   0.73125000
  1.40625000   0.78687177
  1.40549932   0.78750000
  1.34687500   0.83892841
  1.34013615   0.84375000
  1.28750000   0.88459282
  1.26300797   0.90000000
  1.22812500   0.92459092
  1.17295222   0.95625000
  1.16875000   0.95904177
  1.10937500   0.99045826
  1.05707197   1.01250000
  1.05000000   1.01616871
  0.99062500   1.03859100
  0.93125000   1.05428522
  0.87187500   1.06222787
  0.81250000   1.06041474
  0.75312500   1.04533759
  0.69564194   1.01250000
  0.69375000   1.01139435
  0.63437500   0.95942480
  0.63165057   0.95625000
  0.58518948   0.90000000
  0.57500000   0.88637978
  0.54726455   0.84375000
  0.51588392   0.78750000
  0.51562500   0.78700406
  0.48795536   0.73125000
  0.46466402   0.67500000
  0.45625000   0.65195134
  0.44393636   0.61875000
  0.42571027   0.56250000
  0.41053885   0.50625000
  0.39798878   0.45000000
  0.39687500   0.44427833
  0.39687500   0.44427833
  0.38602350   0.39375000
  0.37606702   0.33750000
  0.36805486   0.28125000
  0.36177303   0.22500000
  0.35705335   0.16875000
  0.35376943   0.11250000
  0.35183348   0.05625000
  0.35119385   0.00000000
  0.35183348  -0.05625000
  0.35376943  -0.11250000
  0.35705335  -0.16875000
  0.36177303  -0.22500000
  0.36805486  -0.28125000
  0.37606702  -0.33750000
  0.38602350  -0.39375000
  0.39687500  -0.44427833
  0.39798878  -0.45000000
  0.41053885  -0.50625000
  0.42571027  -0.56250000
  0.44393636  -0.61875000
  0.45625000  -0.65195134
  0.46466402  -0.67500000
  0.48795536  -0.73125000
  0.51562500  -0.78700406
  0.51588392  -0.78750000
  0.54726455  -0.84375000
  0.57500000  -0.88637978
  0.58518948  -0.90000000
  0.63165057  -0.95625000
  0.63437500  -0.95942480
  0.69375000  -1.01139435
  0.69564194  -1.01250000
  0.75312500  -1.04533759
  0.81250000  -1.06041474
  0.87187500  -1.06222787
  0.93125000  -1.05428522
  0.99062500  -1.03859100
  1.05000000  -1.01616871
  1.05707197  -1.01250000
  1.10937500  -0.99045826
  1.16875000  -0.95904177
  1.17295222  -0.95625000
  1.22812500  -0.92459092
  1.26300797  -0.90000000
  1.28750000  -0.88459282
  1.34013615  -0.84375000
  1.34687500  -0.83892841
  1.40549932  -0.78750000
  1.40625000  -0.78687177
  1.46125866  -0.73125000
  1.46562500  -0.72688587
  1.50949616  -0.67500000
  1.52500000  -0.65619566
  1.55173870  -0.61875000
  1.58437500  -0.57011754
  1.58891624  -0.56250000
  1.62080291  -0.50625000
  1.64375000  -0.46078667
  1.64874686  -0.45000000
  1.67258128  -0.39375000
  1.69290499  -0.33750000
  1.70312500  -0.30396443
  1.70977414  -0.28125000
  1.72346246  -0.22500000
  1.73401916  -0.16875000
  1.74149339  -0.11250000
  1.74594620  -0.05625000
  1.74742467   0.00000000
