          53          77
 0.659810806E+00 0.659810806E+00 0.659810806E+00 0.659810806E+00 0.659810806E+00
 0.659810806E+00 0.659810806E+00 0.659810806E+00 0.659810806E+00 0.659810806E+00
 0.659810806E+00 0.847643694E+00 0.807776926E+00 0.777537980E+00 0.759049564E+00
 0.750674469E+00 0.740307159E+00 0.728964533E+00 0.718014639E+00 0.710372857E+00
 0.710701015E+00 0.714199905E+00 0.713468524E+00 0.707987992E+00 0.703523717E+00
 0.714876116E+00 0.741646223E+00 0.742215534E+00 0.735235588E+00 0.727588223E+00
 0.719690370E+00 0.718969744E+00 0.659810806E+00 0.659810806E+00 0.659810806E+00
 0.659810806E+00 0.659810806E+00 0.659810806E+00 0.659810806E+00 0.659810806E+00
 0.659810806E+00 0.659810806E+00 0.659810806E+00 0.659810806E+00 0.659810806E+00
 0.659810806E+00 0.659810806E+00 0.659810806E+00 0.659810806E+00 0.659810806E+00
 0.659810806E+00 0.659810806E+00 0.659810806E+00 0.659810806E+00 0.659810806E+00
 0.659810806E+00 0.659810806E+00 0.659810806E+00 0.659810806E+00 0.659810806E+00
 0.659810806E+00 0.659810806E+00 0.659810806E+00 0.848919589E+00 0.805900368E+00
 0.769106246E+00 0.742539582E+00 0.725815388E+00 0.716592775E+00 0.709035222E+00
 0.702208697E+00 0.696198199E+00 0.692466247E+00 0.693725088E+00 0.696994251E+00
 0.699202603E+00 0.699348514E+00 0.701907226E+00 0.715711629E+00 0.730655951E+00
 0.735309585E+00 0.736676159E+00 0.738045645E+00 0.740836043E+00 0.746960009E+00
 0.776174300E+00 0.659810806E+00 0.659810806E+00 0.659810806E+00 0.659810806E+00
 0.659810806E+00 0.659810806E+00 0.659810806E+00 0.659810806E+00 0.659810806E+00
 0.659810806E+00 0.659810806E+00 0.659810806E+00 0.659810806E+00 0.659810806E+00
 0.659810806E+00 0.659810806E+00 0.659810806E+00 0.659810806E+00 0.659810806E+00
 0.659810806E+00 0.659810806E+00 0.659810806E+00 0.659810806E+00 0.659810806E+00
 0.659810806E+00 0.659810806E+00 0.659810806E+00 0.659810806E+00 0.659810806E+00
 0.659810806E+00 0.813734396E+00 0.771215675E+00 0.738607567E+00 0.715488876E+00
 0.700907509E+00 0.691873439E+00 0.684719031E+00 0.679786770E+00 0.676502691E+00
 0.674144664E+00 0.674702364E+00 0.676828011E+00 0.679891384E+00 0.683443690E+00
 0.689530803E+00 0.700178698E+00 0.711140856E+00 0.718781739E+00 0.726685326E+00
 0.735877890E+00 0.745459013E+00 0.758841792E+00 0.777601056E+00 0.794860273E+00
 0.808499754E+00 0.659810806E+00 0.659810806E+00 0.659810806E+00 0.659810806E+00
 0.659810806E+00 0.659810806E+00 0.659810806E+00 0.659810806E+00 0.659810806E+00
 0.659810806E+00 0.659810806E+00 0.659810806E+00 0.659810806E+00 0.659810806E+00
 0.659810806E+00 0.659810806E+00 0.659810806E+00 0.659810806E+00 0.659810806E+00
 0.659810806E+00 0.659810806E+00 0.659810806E+00 0.659810806E+00 0.659810806E+00
 0.659810806E+00 0.659810806E+00 0.659810806E+00 0.817471488E+00 0.773506424E+00
 0.739535345E+00 0.713753100E+00 0.694669462E+00 0.681901125E+00 0.673236539E+00
 0.665648612E+00 0.660638131E+00 0.657376991E+00 0.654736396E+00 0.653804820E+00
 0.654542419E+00 0.656896621E+00 0.661237160E+00 0.667794580E+00 0.676012005E+00
 0.685884305E+00 0.696113807E+00 0.708202023E+00 0.721035946E+00 0.734596449E+00
 0.751483861E+00 0.769114700E+00 0.787631581E+00 0.805631296E+00 0.806203811E+00
 0.820770044E+00 0.659810806E+00 0.659810806E+00 0.659810806E+00 0.659810806E+00
 0.659810806E+00 0.659810806E+00 0.659810806E+00 0.659810806E+00 0.659810806E+00
 0.659810806E+00 0.659810806E+00 0.659810806E+00 0.659810806E+00 0.659810806E+00
 0.659810806E+00 0.659810806E+00 0.659810806E+00 0.659810806E+00 0.659810806E+00
 0.659810806E+00 0.659810806E+00 0.659810806E+00 0.659810806E+00 0.885845887E+00
 0.826374321E+00 0.778021507E+00 0.741021739E+00 0.713278065E+00 0.692688598E+00
 0.677354312E+00 0.665922153E+00 0.657541422E+00 0.649472227E+00 0.642790536E+00
 0.637575958E+00 0.633666535E+00 0.631370915E+00 0.630818118E+00 0.632102330E+00
 0.635395989E+00 0.640792209E+00 0.648164501E+00 0.657453493E+00 0.668537176E+00
 0.682459705E+00 0.696807194E+00 0.713228389E+00 0.731246846E+00 0.750196945E+00
 0.770810163E+00 0.789246218E+00 0.804535416E+00 0.824533022E+00 0.843791239E+00
 0.659810806E+00 0.659810806E+00 0.659810806E+00 0.659810806E+00 0.659810806E+00
 0.659810806E+00 0.659810806E+00 0.659810806E+00 0.659810806E+00 0.659810806E+00
 0.659810806E+00 0.659810806E+00 0.659810806E+00 0.659810806E+00 0.659810806E+00
 0.659810806E+00 0.659810806E+00 0.659810806E+00 0.659810806E+00 0.659810806E+00
 0.659810806E+00 0.905677139E+00 0.837955424E+00 0.786462305E+00 0.746722492E+00
 0.716160799E+00 0.693187857E+00 0.675843899E+00 0.662356729E+00 0.651448735E+00
 0.641234480E+00 0.631804774E+00 0.623570306E+00 0.616734145E+00 0.611392508E+00
 0.607725164E+00 0.605879114E+00 0.605979555E+00 0.608151024E+00 0.612473327E+00
 0.618953013E+00 0.627600689E+00 0.638448168E+00 0.651663795E+00 0.666744770E+00
 0.684776288E+00 0.703561815E+00 0.724381040E+00 0.747022176E+00 0.769000585E+00
 0.791985160E+00 0.818640559E+00 0.848625282E+00 0.884718859E+00 0.659810806E+00
 0.659810806E+00 0.659810806E+00 0.659810806E+00 0.659810806E+00 0.659810806E+00
 0.659810806E+00 0.659810806E+00 0.659810806E+00 0.659810806E+00 0.659810806E+00
 0.659810806E+00 0.659810806E+00 0.659810806E+00 0.659810806E+00 0.659810806E+00
 0.659810806E+00 0.659810806E+00 0.659810806E+00 0.933780235E+00 0.858164801E+00
 0.799252569E+00 0.755149366E+00 0.722241967E+00 0.696907077E+00 0.677338662E+00
 0.661718709E+00 0.648596534E+00 0.635965473E+00 0.624060616E+00 0.613088386E+00
 0.603314578E+00 0.594951858E+00 0.588165610E+00 0.583123587E+00 0.579977435E+00
 0.578861077E+00 0.579892071E+00 0.583159051E+00 0.588717598E+00 0.596614498E+00
 0.606900934E+00 0.619635550E+00 0.634757028E+00 0.652400561E+00 0.671980243E+00
 0.694243777E+00 0.718793542E+00 0.743939389E+00 0.770889547E+00 0.800806576E+00
 0.831176828E+00 0.859041626E+00 0.659810806E+00 0.659810806E+00 0.659810806E+00
 0.659810806E+00 0.659810806E+00 0.659810806E+00 0.659810806E+00 0.659810806E+00
 0.659810806E+00 0.659810806E+00 0.659810806E+00 0.659810806E+00 0.659810806E+00
 0.659810806E+00 0.659810806E+00 0.659810806E+00 0.659810806E+00 0.659810806E+00
 0.659810806E+00 0.886653698E+00 0.821166837E+00 0.769498506E+00 0.731330883E+00
 0.703229767E+00 0.681656243E+00 0.663991361E+00 0.648806811E+00 0.633942959E+00
 0.619624239E+00 0.606083534E+00 0.593546999E+00 0.582246777E+00 0.572394113E+00
 0.564175384E+00 0.557763972E+00 0.553317363E+00 0.550976034E+00 0.550861965E+00
 0.553075084E+00 0.557693560E+00 0.564782479E+00 0.574399629E+00 0.586593688E+00
 0.601385464E+00 0.618815034E+00 0.638804561E+00 0.661481675E+00 0.687275333E+00
 0.714141246E+00 0.743405300E+00 0.774681934E+00 0.804825516E+00 0.830917615E+00
 0.848384220E+00 0.659810806E+00 0.659810806E+00 0.659810806E+00 0.659810806E+00
 0.659810806E+00 0.659810806E+00 0.659810806E+00 0.659810806E+00 0.659810806E+00
 0.659810806E+00 0.659810806E+00 0.659810806E+00 0.659810806E+00 0.659810806E+00
 0.659810806E+00 0.659810806E+00 0.659810806E+00 0.659810806E+00 0.857638822E+00
 0.795151223E+00 0.747633135E+00 0.713368519E+00 0.688509746E+00 0.668941735E+00
 0.651914458E+00 0.635031074E+00 0.618500292E+00 0.602553041E+00 0.587424356E+00
 0.573345123E+00 0.560541322E+00 0.549225722E+00 0.539594026E+00 0.531826322E+00
 0.526086545E+00 0.522521890E+00 0.521260899E+00 0.522413535E+00 0.526071722E+00
 0.532312939E+00 0.541201721E+00 0.552791034E+00 0.567119482E+00 0.584223480E+00
 0.604125770E+00 0.626897134E+00 0.652538770E+00 0.680392482E+00 0.711084748E+00
 0.743305019E+00 0.775073836E+00 0.804154539E+00 0.827839330E+00 0.843995601E+00
 0.659810806E+00 0.659810806E+00 0.659810806E+00 0.659810806E+00 0.659810806E+00
 0.659810806E+00 0.659810806E+00 0.659810806E+00 0.659810806E+00 0.659810806E+00
 0.659810806E+00 0.659810806E+00 0.659810806E+00 0.659810806E+00 0.659810806E+00
 0.659810806E+00 0.899304123E+00 0.827293336E+00 0.772641846E+00 0.730912652E+00
 0.699538007E+00 0.676256893E+00 0.657575340E+00 0.638963987E+00 0.620496060E+00
 0.602387178E+00 0.584879320E+00 0.568215266E+00 0.552632240E+00 0.538359377E+00
 0.525613691E+00 0.514597644E+00 0.505496961E+00 0.498481387E+00 0.493703104E+00
 0.491297205E+00 0.491381733E+00 0.494058197E+00 0.499413111E+00 0.507519107E+00
 0.518436095E+00 0.532209319E+00 0.548875094E+00 0.568462151E+00 0.591003570E+00
 0.616501515E+00 0.644844578E+00 0.676055030E+00 0.709326197E+00 0.743193758E+00
 0.775602550E+00 0.804507521E+00 0.828166945E+00 0.845574913E+00 0.659810806E+00
 0.659810806E+00 0.659810806E+00 0.659810806E+00 0.659810806E+00 0.659810806E+00
 0.659810806E+00 0.659810806E+00 0.659810806E+00 0.659810806E+00 0.659810806E+00
 0.659810806E+00 0.659810806E+00 0.659810806E+00 0.659810806E+00 0.846288842E+00
 0.793838421E+00 0.749740080E+00 0.714614428E+00 0.686869030E+00 0.664611390E+00
 0.645185888E+00 0.625259867E+00 0.605336057E+00 0.585736944E+00 0.566737687E+00
 0.548596276E+00 0.531559895E+00 0.515864620E+00 0.501733094E+00 0.489372565E+00
 0.478974103E+00 0.470710469E+00 0.464738549E+00 0.461197432E+00 0.460210716E+00
 0.461886637E+00 0.466319117E+00 0.473588509E+00 0.483760898E+00 0.496887791E+00
 0.513006292E+00 0.532139807E+00 0.554299266E+00 0.579478440E+00 0.607656462E+00
 0.638833602E+00 0.672809630E+00 0.708170271E+00 0.743268864E+00 0.776158457E+00
 0.805482173E+00 0.830671817E+00 0.852426024E+00 0.659810806E+00 0.659810806E+00
 0.659810806E+00 0.659810806E+00 0.659810806E+00 0.659810806E+00 0.659810806E+00
 0.659810806E+00 0.659810806E+00 0.659810806E+00 0.659810806E+00 0.659810806E+00
 0.659810806E+00 0.870784448E+00 0.812919798E+00 0.767164598E+00 0.729706176E+00
 0.699595344E+00 0.674924039E+00 0.653687887E+00 0.632473038E+00 0.611077076E+00
 0.589724990E+00 0.568697432E+00 0.548271818E+00 0.528715909E+00 0.510286418E+00
 0.493226922E+00 0.477765531E+00 0.464113281E+00 0.452463578E+00 0.442992219E+00
 0.435856836E+00 0.431199250E+00 0.429146581E+00 0.429810912E+00 0.433291695E+00
 0.439675208E+00 0.449033371E+00 0.461424299E+00 0.476887721E+00 0.495444988E+00
 0.517096037E+00 0.541817464E+00 0.569567705E+00 0.600296789E+00 0.633892117E+00
 0.670035310E+00 0.706792911E+00 0.742594351E+00 0.775999007E+00 0.806673837E+00
 0.835378998E+00 0.864305891E+00 0.897229194E+00 0.659810806E+00 0.659810806E+00
 0.659810806E+00 0.659810806E+00 0.659810806E+00 0.659810806E+00 0.659810806E+00
 0.659810806E+00 0.659810806E+00 0.659810806E+00 0.659810806E+00 0.829538795E+00
 0.784517715E+00 0.746072935E+00 0.713914556E+00 0.686829899E+00 0.663358215E+00
 0.641645912E+00 0.619220254E+00 0.596499996E+00 0.573798253E+00 0.551412026E+00
 0.529629276E+00 0.508728336E+00 0.488975139E+00 0.470620014E+00 0.453895568E+00
 0.439015287E+00 0.426173229E+00 0.415544899E+00 0.407288199E+00 0.401544641E+00
 0.398441572E+00 0.398093461E+00 0.400602880E+00 0.406060372E+00 0.414543983E+00
 0.426117325E+00 0.440825347E+00 0.458691162E+00 0.479711449E+00 0.503851420E+00
 0.531042638E+00 0.561180899E+00 0.594115052E+00 0.629608990E+00 0.667179013E+00
 0.704667094E+00 0.740923133E+00 0.775353210E+00 0.808690205E+00 0.842819518E+00
 0.880995939E+00 0.927805083E+00 0.659810806E+00 0.659810806E+00 0.659810806E+00
 0.659810806E+00 0.659810806E+00 0.659810806E+00 0.659810806E+00 0.659810806E+00
 0.659810806E+00 0.853241465E+00 0.802771376E+00 0.762115406E+00 0.728269194E+00
 0.699841677E+00 0.675131769E+00 0.652477518E+00 0.629347575E+00 0.605663821E+00
 0.581680605E+00 0.557699575E+00 0.534026204E+00 0.510959881E+00 0.488789704E+00
 0.467790220E+00 0.448216984E+00 0.430305505E+00 0.414270331E+00 0.400304658E+00
 0.388581284E+00 0.379255532E+00 0.372466402E+00 0.368340224E+00 0.366990476E+00
 0.368521055E+00 0.373025688E+00 0.380587771E+00 0.391275440E+00 0.405141359E+00
 0.422213707E+00 0.442492063E+00 0.465939412E+00 0.492474882E+00 0.521965103E+00
 0.554215680E+00 0.588961673E+00 0.625831381E+00 0.664182519E+00 0.702104726E+00
 0.739108393E+00 0.775540837E+00 0.813060749E+00 0.854677289E+00 0.905713567E+00
 0.968418248E+00 0.659810806E+00 0.659810806E+00 0.659810806E+00 0.659810806E+00
 0.659810806E+00 0.659810806E+00 0.659810806E+00 0.659810806E+00 0.825826764E+00
 0.780632749E+00 0.744227083E+00 0.713857410E+00 0.687588634E+00 0.663686445E+00
 0.640820919E+00 0.616734314E+00 0.591926496E+00 0.566760946E+00 0.541572513E+00
 0.516685274E+00 0.492412329E+00 0.469053509E+00 0.446890857E+00 0.426183964E+00
 0.407169559E+00 0.390060831E+00 0.375048100E+00 0.362300606E+00 0.351967819E+00
 0.344184782E+00 0.339072886E+00 0.336743981E+00 0.337301738E+00 0.340841482E+00
 0.347449364E+00 0.357200246E+00 0.370154280E+00 0.386348802E+00 0.405791370E+00
 0.428451526E+00 0.454250867E+00 0.483051171E+00 0.514644953E+00 0.548748307E+00
 0.584996645E+00 0.622921543E+00 0.661811198E+00 0.700430392E+00 0.738987536E+00
 0.778731232E+00 0.822438070E+00 0.875389029E+00 0.949000635E+00 0.105656415E+01
 0.659810806E+00 0.659810806E+00 0.659810806E+00 0.659810806E+00 0.659810806E+00
 0.659810806E+00 0.855766207E+00 0.804460180E+00 0.762571777E+00 0.728817614E+00
 0.700986130E+00 0.676584547E+00 0.653399717E+00 0.629263922E+00 0.604092213E+00
 0.578185029E+00 0.551891687E+00 0.525560492E+00 0.499531411E+00 0.474130222E+00
 0.449666185E+00 0.426427473E+00 0.404676005E+00 0.384648002E+00 0.366553567E+00
 0.350577784E+00 0.336883269E+00 0.325613905E+00 0.316896360E+00 0.310847740E+00
 0.307574427E+00 0.307177767E+00 0.309753403E+00 0.315390745E+00 0.324171493E+00
 0.336162725E+00 0.351414376E+00 0.369946558E+00 0.391742818E+00 0.416739029E+00
 0.444810022E+00 0.475761200E+00 0.509320429E+00 0.545138572E+00 0.582798766E+00
 0.621818888E+00 0.661533546E+00 0.701567056E+00 0.742800211E+00 0.787424948E+00
 0.839502234E+00 0.905655192E+00 0.993775794E+00 0.110647248E+01 0.659810806E+00
 0.659810806E+00 0.659810806E+00 0.659810806E+00 0.659810806E+00 0.851645391E+00
 0.789804607E+00 0.748252771E+00 0.716177332E+00 0.689744799E+00 0.665787518E+00
 0.642663671E+00 0.617712922E+00 0.591544832E+00 0.564583537E+00 0.537212598E+00
 0.509799421E+00 0.482698753E+00 0.456247861E+00 0.430763378E+00 0.406537857E+00
 0.383833646E+00 0.362884535E+00 0.343895764E+00 0.327045459E+00 0.312487755E+00
 0.300357048E+00 0.290773224E+00 0.283843419E+00 0.279669531E+00 0.278348932E+00
 0.279975962E+00 0.284643019E+00 0.292436660E+00 0.303433769E+00 0.317696216E+00
 0.335262188E+00 0.356134689E+00 0.380271835E+00 0.407574244E+00 0.437877192E+00
 0.470941343E+00 0.506454839E+00 0.544043829E+00 0.583303169E+00 0.623817574E+00
 0.665020161E+00 0.707397456E+00 0.752525578E+00 0.803671593E+00 0.865956893E+00
 0.945477809E+00 0.104711316E+01 0.116992920E+01 0.659810806E+00 0.659810806E+00
 0.659810806E+00 0.904147718E+00 0.834887165E+00 0.778950970E+00 0.737442123E+00
 0.705941772E+00 0.680284136E+00 0.657018655E+00 0.632477429E+00 0.606456013E+00
 0.579256109E+00 0.551258821E+00 0.522851279E+00 0.494412900E+00 0.466309100E+00
 0.438886496E+00 0.412466544E+00 0.387344044E+00 0.363779899E+00 0.342003473E+00
 0.322213272E+00 0.304578963E+00 0.289244578E+00 0.276333588E+00 0.265954922E+00
 0.258208214E+00 0.253186606E+00 0.250982496E+00 0.251688747E+00 0.255398625E+00
 0.262203819E+00 0.272192371E+00 0.285438819E+00 0.302000100E+00 0.321903343E+00
 0.345134760E+00 0.371628883E+00 0.401260644E+00 0.433834572E+00 0.469088212E+00
 0.506699454E+00 0.546313192E+00 0.587587588E+00 0.630213961E+00 0.673674205E+00
 0.719382649E+00 0.769832384E+00 0.829883433E+00 0.904356789E+00 0.998975700E+00
 0.111280495E+01 0.659810806E+00 0.659810806E+00 0.659810806E+00 0.877108392E+00
 0.813567967E+00 0.764690907E+00 0.726968553E+00 0.696619633E+00 0.671321287E+00
 0.647959346E+00 0.622556269E+00 0.595543300E+00 0.567329183E+00 0.538320265E+00
 0.508916499E+00 0.479508123E+00 0.450468666E+00 0.422151478E+00 0.394880478E+00
 0.368950024E+00 0.344618190E+00 0.322107808E+00 0.301608978E+00 0.283281222E+00
 0.267257107E+00 0.253648178E+00 0.242551123E+00 0.234054701E+00 0.228244174E+00
 0.225206006E+00 0.225029194E+00 0.227807649E+00 0.233638678E+00 0.242618584E+00
 0.254837589E+00 0.270371733E+00 0.289273759E+00 0.311561722E+00 0.337208520E+00
 0.366132808E+00 0.398188602E+00 0.433166980E+00 0.470801085E+00 0.510784693E+00
 0.552810999E+00 0.596631148E+00 0.642046988E+00 0.688498965E+00 0.738562082E+00
 0.796719279E+00 0.869091220E+00 0.961449590E+00 0.107638314E+01 0.659810806E+00
 0.659810806E+00 0.659810806E+00 0.852995054E+00 0.792105102E+00 0.749630908E+00
 0.716840334E+00 0.688682162E+00 0.663488511E+00 0.639462176E+00 0.613108278E+00
 0.585080804E+00 0.555854669E+00 0.525856637E+00 0.495497450E+00 0.465174099E+00
 0.435266467E+00 0.406130448E+00 0.378091345E+00 0.351440360E+00 0.326431210E+00
 0.303278393E+00 0.282161908E+00 0.263229972E+00 0.246601924E+00 0.232376420E+00
 0.220637838E+00 0.211462673E+00 0.204926977E+00 0.201109274E+00 0.200095485E+00
 0.201979461E+00 0.206861590E+00 0.214846457E+00 0.226040334E+00 0.240538600E+00
 0.258419846E+00 0.279735359E+00 0.304498009E+00 0.332670066E+00 0.364157923E+00
 0.398805917E+00 0.436401049E+00 0.476684253E+00 0.519377416E+00 0.564233060E+00
 0.611097695E+00 0.659810806E+00 0.709692314E+00 0.767400879E+00 0.837898335E+00
 0.924199256E+00 0.103248313E+01 0.117240624E+01 0.659810806E+00 0.659810806E+00
 0.829892751E+00 0.769912695E+00 0.734874132E+00 0.707145078E+00 0.682210248E+00
 0.657726537E+00 0.631874952E+00 0.604261707E+00 0.575141185E+00 0.544895939E+00
 0.513933424E+00 0.482661771E+00 0.451480494E+00 0.420772212E+00 0.390892624E+00
 0.362166622E+00 0.334880043E+00 0.309280927E+00 0.285573804E+00 0.263927297E+00
 0.244477454E+00 0.227328900E+00 0.212566381E+00 0.200261184E+00 0.190478718E+00
 0.183283056E+00 0.178746410E+00 0.176948372E+00 0.177981551E+00 0.181949685E+00
 0.188966377E+00 0.199148970E+00 0.212614629E+00 0.229466928E+00 0.249790070E+00
 0.273634612E+00 0.301007535E+00 0.331865284E+00 0.366104247E+00 0.403562033E+00
 0.444023611E+00 0.487237875E+00 0.532949272E+00 0.580943781E+00 0.631033852E+00
 0.682402769E+00 0.739734326E+00 0.806340541E+00 0.884259082E+00 0.979103923E+00
 0.111462898E+01 0.659810806E+00 0.659810806E+00 0.809698326E+00 0.758318799E+00
 0.726391156E+00 0.700176543E+00 0.676229203E+00 0.651550524E+00 0.624629419E+00
 0.595894294E+00 0.565714178E+00 0.534478215E+00 0.502589968E+00 0.470456671E+00
 0.438478799E+00 0.407038087E+00 0.376489977E+00 0.347155747E+00 0.319315625E+00
 0.293209292E+00 0.269031337E+00 0.246937567E+00 0.227050627E+00 0.209460810E+00
 0.194238073E+00 0.181440048E+00 0.171119373E+00 0.163330888E+00 0.158135879E+00
 0.155609592E+00 0.155842683E+00 0.158941206E+00 0.165024405E+00 0.174222662E+00
 0.186670036E+00 0.202495935E+00 0.221814505E+00 0.244713210E+00 0.271242944E+00
 0.301404969E+00 0.335145707E+00 0.372350488E+00 0.412845449E+00 0.456408376E+00
 0.502789916E+00 0.551760760E+00 0.603194760E+00 0.657092380E+00 0.713302544E+00
 0.775119571E+00 0.843098600E+00 0.915526182E+00 0.974281331E+00 0.659810806E+00
 0.659810806E+00 0.855448613E+00 0.778125476E+00 0.730985299E+00 0.698650671E+00
 0.671825210E+00 0.645869584E+00 0.617803160E+00 0.587984150E+00 0.556788975E+00
 0.524609017E+00 0.491847925E+00 0.458912715E+00 0.426202984E+00 0.394100086E+00
 0.362957620E+00 0.333091145E+00 0.304775613E+00 0.278239852E+00 0.253668946E+00
 0.231204699E+00 0.210955844E+00 0.192998172E+00 0.177387212E+00 0.164166508E+00
 0.153375754E+00 0.145058677E+00 0.139268591E+00 0.136073801E+00 0.135561530E+00
 0.137838615E+00 0.143030224E+00 0.151278521E+00 0.162732709E+00 0.177544417E+00
 0.195856346E+00 0.217791330E+00 0.243439041E+00 0.272844768E+00 0.305999254E+00
 0.342831632E+00 0.383206564E+00 0.426928983E+00 0.473759211E+00 0.523446682E+00
 0.575793255E+00 0.630685886E+00 0.687342630E+00 0.747267858E+00 0.808923089E+00
 0.869508772E+00 0.922204835E+00 0.930279791E+00 0.659810806E+00 0.841807568E+00
 0.780886017E+00 0.734153793E+00 0.697387084E+00 0.667733598E+00 0.640536724E+00
 0.611351378E+00 0.580499080E+00 0.548347590E+00 0.515285886E+00 0.481716477E+00
 0.448046046E+00 0.414674164E+00 0.381980977E+00 0.350316087E+00 0.319990921E+00
 0.291272753E+00 0.264380129E+00 0.239487779E+00 0.216723405E+00 0.196180956E+00
 0.177922905E+00 0.161989812E+00 0.148411587E+00 0.137215221E+00 0.128432693E+00
 0.122108820E+00 0.118304548E+00 0.117104174E+00 0.118613875E+00 0.122963692E+00
 0.130302462E+00 0.140796270E+00 0.154615885E+00 0.171930282E+00 0.192893271E+00
 0.217630296E+00 0.246226577E+00 0.278714518E+00 0.315062198E+00 0.355168953E+00
 0.398865128E+00 0.445919427E+00 0.496067570E+00 0.549072460E+00 0.604855745E+00
 0.663597722E+00 0.722763156E+00 0.782546548E+00 0.837669139E+00 0.882686377E+00
 0.907847474E+00 0.659810806E+00 0.824725710E+00 0.771309639E+00 0.728986266E+00
 0.693811840E+00 0.663683444E+00 0.635416724E+00 0.605201714E+00 0.573395412E+00
 0.540365714E+00 0.506498783E+00 0.472196271E+00 0.437864839E+00 0.403903516E+00
 0.370691077E+00 0.338574695E+00 0.307860586E+00 0.278807227E+00 0.251625026E+00
 0.226474905E+00 0.203473601E+00 0.182699178E+00 0.164201261E+00 0.148005995E+00
 0.134129801E+00 0.122587453E+00 0.113399742E+00 0.106601346E+00 0.102248213E+00
 0.100418022E+00 0.101216618E+00 0.104776434E+00 0.111254889E+00 0.120828680E+00
 0.133687285E+00 0.150022330E+00 0.170015388E+00 0.193826309E+00 0.221574439E+00
 0.253329119E+00 0.289094754E+00 0.328801363E+00 0.372299870E+00 0.419365578E+00
 0.469711536E+00 0.523028681E+00 0.579056563E+00 0.637610207E+00 0.697523017E+00
 0.756065152E+00 0.810067113E+00 0.857242083E+00 0.893565313E+00 0.918052574E+00
 0.802710067E+00 0.758034679E+00 0.721530610E+00 0.689487774E+00 0.659810806E+00
 0.630461883E+00 0.599293583E+00 0.566629964E+00 0.532818446E+00 0.498236962E+00
 0.463285342E+00 0.428371074E+00 0.393894379E+00 0.360234028E+00 0.327733847E+00
 0.296694850E+00 0.267369094E+00 0.239956561E+00 0.214606242E+00 0.191423675E+00
 0.170471841E+00 0.151787510E+00 0.135383453E+00 0.121262967E+00 0.109428942E+00
 0.998918528E-01 0.926768397E-01 0.878313802E-01 0.854292841E-01 0.855745955E-01
 0.884014102E-01 0.940716424E-01 0.102773032E+00 0.114709878E+00 0.130094002E+00
 0.149133533E+00 0.172014725E+00 0.198890559E+00 0.229863939E+00 0.264971067E+00
 0.304169968E+00 0.347330174E+00 0.394230084E+00 0.444563873E+00 0.497959070E+00
 0.554025834E+00 0.612432798E+00 0.672679076E+00 0.731822870E+00 0.787647670E+00
 0.837756633E+00 0.878077148E+00 0.900555604E+00 0.778433250E+00 0.744355182E+00
 0.713859449E+00 0.684888817E+00 0.655935664E+00 0.625534358E+00 0.593547283E+00
 0.560161283E+00 0.525686077E+00 0.490492361E+00 0.454981887E+00 0.419566035E+00
 0.384648040E+00 0.350607211E+00 0.317786179E+00 0.286482587E+00 0.256940062E+00
 0.229349373E+00 0.203850363E+00 0.180533798E+00 0.159452072E+00 0.140627092E+00
 0.124060889E+00 0.109743640E+00 0.976670093E-01 0.878312851E-01 0.802529011E-01
 0.749711934E-01 0.720552921E-01 0.716056012E-01 0.737566067E-01 0.786750324E-01
 0.865564265E-01 0.976188360E-01 0.112091359E+00 0.130202652E+00 0.152167373E+00
 0.178165749E+00 0.208330205E+00 0.242726417E+00 0.281337864E+00 0.324054070E+00
 0.370658008E+00 0.420829815E+00 0.474152863E+00 0.530146437E+00 0.588332645E+00
 0.648238383E+00 0.708270300E+00 0.765846499E+00 0.817515419E+00 0.859224983E+00
 0.887535934E+00 0.760363615E+00 0.734759738E+00 0.707960651E+00 0.680367318E+00
 0.651260573E+00 0.620399917E+00 0.587889493E+00 0.553968303E+00 0.518966289E+00
 0.483268906E+00 0.447290283E+00 0.411451502E+00 0.376162510E+00 0.341805421E+00
 0.308722309E+00 0.277206321E+00 0.247495640E+00 0.219773604E+00 0.194167560E+00
 0.170757881E+00 0.149585829E+00 0.130659820E+00 0.113971228E+00 0.994987640E-01
 0.872229148E-01 0.771345602E-01 0.692416099E-01 0.635762817E-01 0.602012884E-01
 0.592142195E-01 0.607491561E-01 0.649752750E-01 0.720952232E-01 0.823366969E-01
 0.959442119E-01 0.113167041E+00 0.134240500E+00 0.159372006E+00 0.188721226E+00
 0.222380795E+00 0.260358274E+00 0.302561636E+00 0.348785075E+00 0.398702574E+00
 0.451872638E+00 0.507758366E+00 0.565780067E+00 0.625392316E+00 0.685557043E+00
 0.743627875E+00 0.796614740E+00 0.842645169E+00 0.878446479E+00 0.745505237E+00
 0.726625153E+00 0.702448624E+00 0.675056288E+00 0.646126019E+00 0.615155809E+00
 0.582369903E+00 0.548086326E+00 0.512685306E+00 0.476585406E+00 0.440223139E+00
 0.404034490E+00 0.368438270E+00 0.333821344E+00 0.300526950E+00 0.268845712E+00
 0.239009760E+00 0.211193495E+00 0.185515959E+00 0.162047609E+00 0.140816854E+00
 0.121823162E+00 0.105044917E+00 0.904524011E-01 0.780153310E-01 0.677151246E-01
 0.595522753E-01 0.535516454E-01 0.497701101E-01 0.483022892E-01 0.492804333E-01
 0.528760384E-01 0.592958261E-01 0.687766555E-01 0.815758835E-01 0.979581091E-01
 0.118180132E+00 0.142472892E+00 0.171020844E+00 0.203942195E+00 0.241267850E+00
 0.282925456E+00 0.328724804E+00 0.378343588E+00 0.431332190E+00 0.487126961E+00
 0.545093178E+00 0.604620247E+00 0.664976231E+00 0.724172124E+00 0.779825762E+00
 0.830076874E+00 0.871535256E+00 0.740840153E+00 0.718438824E+00 0.695184108E+00
 0.669418940E+00 0.640884045E+00 0.610022862E+00 0.577125068E+00 0.542601357E+00
 0.506897892E+00 0.470476040E+00 0.433799937E+00 0.397323136E+00 0.361475127E+00
 0.326648272E+00 0.293186657E+00 0.261378261E+00 0.231451003E+00 0.203572644E+00
 0.177852643E+00 0.154351247E+00 0.133088432E+00 0.114052459E+00 0.972122836E-01
 0.825287229E-01 0.699627513E-01 0.594868846E-01 0.510933324E-01 0.448014627E-01
 0.406625642E-01 0.387674879E-01 0.392482355E-01 0.422765702E-01 0.480622373E-01
 0.568481415E-01 0.689017576E-01 0.845029973E-01 0.103926878E+00 0.127424382E+00
 0.155202991E+00 0.187405886E+00 0.224087437E+00 0.265196590E+00 0.310561755E+00
 0.359873209E+00 0.412686324E+00 0.468432334E+00 0.526456946E+00 0.586121313E+00
 0.646881607E+00 0.707291427E+00 0.765268265E+00 0.818936866E+00 0.865600715E+00
 0.740327209E+00 0.714939674E+00 0.689775048E+00 0.663447680E+00 0.635909704E+00
 0.605290162E+00 0.572338553E+00 0.537626521E+00 0.501674045E+00 0.464983765E+00
 0.428045341E+00 0.391328669E+00 0.355273275E+00 0.320276835E+00 0.286684269E+00
 0.254781360E+00 0.224791016E+00 0.196873932E+00 0.171132913E+00 0.147619799E+00
 0.126344199E+00 0.107285671E+00 0.904055665E-01 0.756544395E-01 0.629864790E-01
 0.523654681E-01 0.437763052E-01 0.372314433E-01 0.327784877E-01 0.305066372E-01
 0.305478175E-01 0.330740313E-01 0.382953880E-01 0.464578146E-01 0.578367953E-01
 0.727250129E-01 0.914134204E-01 0.114172420E+00 0.141230787E+00 0.172754502E+00
 0.208821458E+00 0.249403375E+00 0.294349405E+00 0.343369549E+00 0.396033098E+00
 0.451779186E+00 0.509949189E+00 0.569867123E+00 0.630935683E+00 0.691856245E+00
 0.751328031E+00 0.808198557E+00 0.860546397E+00 0.737335818E+00 0.711972138E+00
 0.686365955E+00 0.659810806E+00 0.632071831E+00 0.601322638E+00 0.568197792E+00
 0.533269484E+00 0.497078301E+00 0.460146987E+00 0.422980864E+00 0.386060893E+00
 0.349833402E+00 0.314699076E+00 0.281003413E+00 0.249030524E+00 0.218998627E+00
 0.191062102E+00 0.165316124E+00 0.141804614E+00 0.120530611E+00 0.101465073E+00
 0.845602895E-01 0.697609291E-01 0.570125632E-01 0.462721798E-01 0.375166591E-01
 0.307524031E-01 0.260244950E-01 0.234236922E-01 0.230812705E-01 0.251693045E-01
 0.298986874E-01 0.375142628E-01 0.482956296E-01 0.625458697E-01 0.805712583E-01
 0.102659888E+00 0.129060253E+00 0.159959878E+00 0.195458699E+00 0.235552791E+00
 0.280112731E+00 0.328872854E+00 0.381423014E+00 0.437220375E+00 0.495619366E+00
 0.555944865E+00 0.617621536E+00 0.679827184E+00 0.741493613E+00 0.802256605E+00
 0.862830297E+00 0.729673389E+00 0.707122451E+00 0.683363644E+00 0.657745107E+00
 0.629335294E+00 0.598204783E+00 0.564785416E+00 0.529591662E+00 0.493152132E+00
 0.455991383E+00 0.418619812E+00 0.381523128E+00 0.345150755E+00 0.309904415E+00
 0.276128639E+00 0.244104264E+00 0.214045431E+00 0.186101779E+00 0.160361844E+00
 0.136862373E+00 0.115598570E+00 0.965352657E-01 0.796184977E-01 0.647846660E-01
 0.519733458E-01 0.411348881E-01 0.322382907E-01 0.252852094E-01 0.203230464E-01
 0.174412270E-01 0.167697287E-01 0.184806354E-01 0.227856015E-01 0.299319604E-01
 0.401975683E-01 0.538911284E-01 0.713332585E-01 0.928285466E-01 0.118643789E+00
 0.148986120E+00 0.183976391E+00 0.223634543E+00 0.267853698E+00 0.316392132E+00
 0.368865856E+00 0.424755971E+00 0.483440598E+00 0.544264861E+00 0.606681528E+00
 0.670126128E+00 0.734135879E+00 0.798015187E+00 0.860560759E+00 0.723974107E+00
 0.704419061E+00 0.681883559E+00 0.656232346E+00 0.627404916E+00 0.595865788E+00
 0.562096879E+00 0.526604874E+00 0.489908169E+00 0.452525693E+00 0.414965719E+00
 0.377713427E+00 0.341217846E+00 0.305879655E+00 0.272041273E+00 0.239980132E+00
 0.209905975E+00 0.181962787E+00 0.156234047E+00 0.132751494E+00 0.111503647E+00
 0.924489990E-01 0.755272068E-01 0.606700402E-01 0.478101083E-01 0.368909646E-01
 0.278760254E-01 0.207662370E-01 0.156091684E-01 0.124919983E-01 0.115444124E-01
 0.129383990E-01 0.168858681E-01 0.236358432E-01 0.334687296E-01 0.466916308E-01
 0.636358795E-01 0.846216796E-01 0.109932995E+00 0.139793233E+00 0.174344598E+00
 0.213626010E+00 0.257555530E+00 0.305913920E+00 0.358342261E+00 0.414348938E+00
 0.473339252E+00 0.534684496E+00 0.597864690E+00 0.662465978E+00 0.727782710E+00
 0.792673923E+00 0.855684319E+00 0.724097316E+00 0.704824179E+00 0.681932479E+00
 0.655657634E+00 0.626265730E+00 0.594249794E+00 0.560093156E+00 0.524287252E+00
 0.487334598E+00 0.449742611E+00 0.412012273E+00 0.374624351E+00 0.338024762E+00
 0.302611542E+00 0.268724218E+00 0.236636716E+00 0.206554610E+00 0.178617102E+00
 0.152902633E+00 0.129437569E+00 0.108206638E+00 0.891633500E-01 0.722419465E-01
 0.573687963E-01 0.444716829E-01 0.334884542E-01 0.243773144E-01 0.171416651E-01
 0.118265979E-01 0.851822634E-02 0.734620735E-02 0.848261069E-02 0.121395077E-01
 0.185663294E-01 0.280460595E-01 0.408863003E-01 0.574218632E-01 0.779871570E-01
 0.102880267E+00 0.132340417E+00 0.166527214E+00 0.205498161E+00 0.249190442E+00
 0.297407958E+00 0.349814758E+00 0.405942859E+00 0.465222165E+00 0.527047960E+00
 0.590930001E+00 0.656615015E+00 0.722640637E+00 0.787566249E+00 0.850203553E+00
 0.728136586E+00 0.707385545E+00 0.683212769E+00 0.655918992E+00 0.625804982E+00
 0.593257742E+00 0.558701902E+00 0.522590554E+00 0.485400411E+00 0.447621978E+00
 0.409745365E+00 0.372244243E+00 0.335559895E+00 0.300087094E+00 0.266162231E+00
 0.234055926E+00 0.203970085E+00 0.176039956E+00 0.150339826E+00 0.126891766E+00
 0.105676199E+00 0.866435312E-01 0.697246114E-01 0.548414398E-01 0.419170797E-01
 0.308843980E-01 0.216995277E-01 0.143670451E-01 0.892978425E-02 0.547326688E-02
 0.412733047E-02 0.506467558E-02 0.849715188E-02 0.146740200E-01 0.238793142E-01
 0.364238078E-01 0.526415830E-01 0.728780153E-01 0.974429168E-01 0.126589323E+00
 0.160489885E+00 0.199217513E+00 0.242727698E+00 0.290840529E+00 0.343239421E+00
 0.399476452E+00 0.458998823E+00 0.521209725E+00 0.585595389E+00 0.651809368E+00
 0.718011230E+00 0.783043026E+00 0.845475139E+00 0.733540949E+00 0.710787419E+00
 0.685068759E+00 0.656643119E+00 0.625789355E+00 0.592736953E+00 0.557823068E+00
 0.521449924E+00 0.484063661E+00 0.446136031E+00 0.408145506E+00 0.370558360E+00
 0.333810971E+00 0.298294428E+00 0.264342337E+00 0.232223072E+00 0.202135637E+00
 0.174212211E+00 0.148523953E+00 0.125089772E+00 0.103886976E+00 0.848629549E-01
 0.679463855E-01 0.530569738E-01 0.401140321E-01 0.290461783E-01 0.198095013E-01
 0.124083260E-01 0.688404575E-02 0.332168827E-02 0.185188567E-02 0.264768023E-02
 0.592100167E-02 0.119203564E-01 0.209303431E-01 0.332646681E-01 0.492556542E-01
 0.692561142E-01 0.935858241E-01 0.122506538E+00 0.156201336E+00 0.194756136E+00
 0.238136418E+00 0.286176682E+00 0.338575083E+00 0.394898220E+00 0.454606077E+00
 0.517110349E+00 0.581898981E+00 0.648663328E+00 0.715900025E+00 0.781887193E+00
 0.845112526E+00 0.738037677E+00 0.713631599E+00 0.686668463E+00 0.657350190E+00
 0.625936070E+00 0.592515970E+00 0.557350545E+00 0.520798882E+00 0.483282172E+00
 0.445257373E+00 0.407193988E+00 0.369552691E+00 0.332766188E+00 0.297222913E+00
 0.263254360E+00 0.231127188E+00 0.201039104E+00 0.173120208E+00 0.147439680E+00
 0.124014499E+00 0.102820061E+00 0.838019187E-01 0.668868945E-01 0.519939429E-01
 0.390401203E-01 0.279513641E-01 0.186840687E-01 0.112417310E-01 0.566521134E-02
 0.203938329E-02 0.495405042E-03 0.120651222E-02 0.438469987E-02 0.102782383E-01
 0.191715856E-01 0.313799038E-01 0.472352965E-01 0.670935476E-01 0.912820194E-01
 0.120066682E+00 0.153638471E+00 0.192089030E+00 0.235391517E+00 0.283389365E+00
 0.335789845E+00 0.392168478E+00 0.451993352E+00 0.514683922E+00 0.579735430E+00
 0.646868127E+00 0.714712228E+00 0.781746387E+00 0.846452240E+00 0.739779445E+00
 0.714735658E+00 0.687295568E+00 0.657638018E+00 0.626014412E+00 0.592459173E+00
 0.557202759E+00 0.520587412E+00 0.483024705E+00 0.444965978E+00 0.406877363E+00
 0.369217448E+00 0.332417579E+00 0.296865240E+00 0.262891155E+00 0.230761293E+00
 0.200673016E+00 0.172755706E+00 0.147077871E+00 0.123655808E+00 0.102464280E+00
 0.834482280E-01 0.665338787E-01 0.516396698E-01 0.386822414E-01 0.275865530E-01
 0.183091135E-01 0.108530837E-01 0.525914176E-02 0.161219819E-02 0.435489943E-04
 0.726510329E-03 0.387308517E-02 0.973149767E-02 0.185861089E-01 0.307524485E-01
 0.465627464E-01 0.663737480E-01 0.905149065E-01 0.119254131E+00 0.152784986E+00
 0.191200769E+00 0.234477423E+00 0.282461424E+00 0.334863291E+00 0.391261139E+00
 0.451126082E+00 0.513880777E+00 0.579023380E+00 0.646282881E+00 0.714324950E+00
 0.781678114E+00 0.846884326E+00 0.738038738E+00 0.713632340E+00 0.686668832E+00
 0.657350144E+00 0.625935575E+00 0.592514997E+00 0.557349073E+00 0.520796919E+00
 0.483279737E+00 0.445254505E+00 0.407190740E+00 0.369549120E+00 0.332762361E+00
 0.297218897E+00 0.263250218E+00 0.231122969E+00 0.201034857E+00 0.173115972E+00
 0.147435479E+00 0.124010338E+00 0.102815936E+00 0.837978187E-01 0.668828118E-01
 0.519898749E-01 0.390360665E-01 0.279473176E-01 0.186800373E-01 0.112377277E-01
 0.566125464E-02 0.203550009E-02 0.491624040E-03 0.120285942E-02 0.438117442E-02
 0.102748429E-01 0.191682905E-01 0.313766936E-01 0.472321344E-01 0.670904112E-01
 0.912789183E-01 0.120063635E+00 0.153635506E+00 0.192086191E+00 0.235388830E+00
 0.283386896E+00 0.335787683E+00 0.392166653E+00 0.451991970E+00 0.514682952E+00
 0.579734886E+00 0.646868039E+00 0.714712599E+00 0.781747184E+00 0.846453430E+00
 0.733542970E+00 0.710788835E+00 0.685069460E+00 0.656643012E+00 0.625788364E+00
 0.592735016E+00 0.557820145E+00 0.521446014E+00 0.484058807E+00 0.446130310E+00
 0.408139024E+00 0.370551240E+00 0.333803341E+00 0.298286406E+00 0.264334042E+00
 0.232214635E+00 0.202127149E+00 0.174203742E+00 0.148515551E+00 0.125081456E+00
 0.103878733E+00 0.848547635E-01 0.679382294E-01 0.530488550E-01 0.401059490E-01
 0.290381191E-01 0.198014788E-01 0.124003639E-01 0.687618669E-02 0.331398087E-02
 0.184438186E-02 0.264042150E-02 0.591401033E-02 0.119136020E-01 0.209237894E-01
 0.332582583E-01 0.492493327E-01 0.692498502E-01 0.935796223E-01 0.122500446E+00
 0.156195416E+00 0.194750471E+00 0.238131071E+00 0.286171789E+00 0.338570761E+00
 0.394894652E+00 0.454603293E+00 0.517108386E+00 0.581897921E+00 0.648663186E+00
 0.715900785E+00 0.781888839E+00 0.845114959E+00 0.728139433E+00 0.707387552E+00
 0.683213756E+00 0.655918808E+00 0.625803500E+00 0.593254864E+00 0.558697563E+00
 0.522584742E+00 0.485393186E+00 0.447613449E+00 0.409735683E+00 0.372233593E+00
 0.335548470E+00 0.300075087E+00 0.266149821E+00 0.234043275E+00 0.203957354E+00
 0.176027255E+00 0.150327230E+00 0.126879299E+00 0.105663846E+00 0.866312623E-01
 0.697124136E-01 0.548293088E-01 0.419050112E-01 0.308723885E-01 0.216875863E-01
 0.143552137E-01 0.891812137E-02 0.546184081E-02 0.411621171E-02 0.505392151E-02
 0.848677364E-02 0.146639839E-01 0.238695467E-01 0.364142305E-01 0.526321210E-01
 0.728686291E-01 0.974336253E-01 0.126580200E+00 0.160481028E+00 0.199209041E+00
 0.242719736E+00 0.290833248E+00 0.343233033E+00 0.399471151E+00 0.458994677E+00
 0.521206858E+00 0.585593864E+00 0.651809187E+00 0.718012411E+00 0.783045321E+00
 0.845478039E+00 0.724100919E+00 0.704826736E+00 0.681933739E+00 0.655657380E+00
 0.626263783E+00 0.594246014E+00 0.560087456E+00 0.524279611E+00 0.487325074E+00
 0.449731341E+00 0.411999450E+00 0.374610217E+00 0.338009576E+00 0.302595565E+00
 0.268707705E+00 0.236619892E+00 0.206537657E+00 0.178600176E+00 0.152885836E+00
 0.129420947E+00 0.108190178E+00 0.891470310E-01 0.722257488E-01 0.573527082E-01
 0.444556965E-01 0.334725763E-01 0.243615581E-01 0.171260843E-01 0.118112644E-01
 0.850322810E-02 0.733161678E-02 0.846848537E-02 0.121258542E-01 0.185530928E-01
 0.280331380E-01 0.408735983E-01 0.574092828E-01 0.779746634E-01 0.102867897E+00
 0.132328278E+00 0.166515455E+00 0.205486935E+00 0.249179926E+00 0.297398351E+00
 0.349806387E+00 0.405935897E+00 0.465216767E+00 0.527044286E+00 0.590928099E+00
 0.656614837E+00 0.722641930E+00 0.787568210E+00 0.850204922E+00 0.723978547E+00
 0.704422248E+00 0.681885147E+00 0.656232079E+00 0.627402566E+00 0.595861176E+00
 0.562089897E+00 0.526595490E+00 0.489896442E+00 0.452511774E+00 0.414949843E+00
 0.377695882E+00 0.341198959E+00 0.305859763E+00 0.272020688E+00 0.239959141E+00
 0.209884814E+00 0.181941641E+00 0.156213041E+00 0.132730705E+00 0.111483090E+00
 0.924286540E-01 0.755070533E-01 0.606500547E-01 0.477902907E-01 0.368713202E-01
 0.278565745E-01 0.207470414E-01 0.155903190E-01 0.124735767E-01 0.115265050E-01
 0.129210423E-01 0.168690430E-01 0.236194845E-01 0.334527160E-01 0.466758297E-01
 0.636201927E-01 0.846060881E-01 0.109917563E+00 0.139778120E+00 0.174329985E+00
 0.213612106E+00 0.257542535E+00 0.305902109E+00 0.358331991E+00 0.414340425E+00
 0.473332772E+00 0.534680167E+00 0.597862562E+00 0.662466062E+00 0.727784107E+00
 0.792674981E+00 0.855683036E+00 0.729678230E+00 0.707126249E+00 0.683365691E+00
 0.657744925E+00 0.629332643E+00 0.598199448E+00 0.564777260E+00 0.529580644E+00
 0.493138318E+00 0.455974935E+00 0.418600994E+00 0.381502279E+00 0.345128261E+00
 0.309880668E+00 0.276104027E+00 0.244079125E+00 0.214020066E+00 0.186076404E+00
 0.160336633E+00 0.136837425E+00 0.115573918E+00 0.965109030E-01 0.795944173E-01
 0.647608470E-01 0.519497736E-01 0.411115851E-01 0.322152765E-01 0.252625496E-01
 0.203008318E-01 0.174195409E-01 0.167486376E-01 0.184601659E-01 0.227657008E-01
 0.299125360E-01 0.401784909E-01 0.538722325E-01 0.713144579E-01 0.928098578E-01
 0.118625322E+00 0.148968071E+00 0.183959000E+00 0.223618040E+00 0.267838336E+00
 0.316378244E+00 0.368853812E+00 0.424746148E+00 0.483433191E+00 0.544260031E+00
 0.606679334E+00 0.670126559E+00 0.734137702E+00 0.798015903E+00 0.860557336E+00
 0.737339474E+00 0.711975813E+00 0.686368274E+00 0.659810806E+00 0.632069018E+00
 0.601316728E+00 0.568188612E+00 0.533256976E+00 0.497062533E+00 0.460128144E+00
 0.422959238E+00 0.386036863E+00 0.349807401E+00 0.314671561E+00 0.280974825E+00
 0.249001264E+00 0.218969059E+00 0.191032507E+00 0.165286703E+00 0.141775496E+00
 0.120501852E+00 0.101436709E+00 0.845323160E-01 0.697333215E-01 0.569853208E-01
 0.462453084E-01 0.374901944E-01 0.307264076E-01 0.259990440E-01 0.233988584E-01
 0.230571110E-01 0.251458032E-01 0.298757724E-01 0.374918013E-01 0.482734698E-01
 0.625238604E-01 0.805493402E-01 0.102638111E+00 0.129038783E+00 0.159938950E+00
 0.195438605E+00 0.235533803E+00 0.280095137E+00 0.328857044E+00 0.381409448E+00
 0.437209401E+00 0.495611261E+00 0.555939783E+00 0.617619494E+00 0.679828164E+00
 0.741496778E+00 0.802259664E+00 0.862828354E+00 0.740328532E+00 0.714942678E+00
 0.689777655E+00 0.663448089E+00 0.635906935E+00 0.605283868E+00 0.572328530E+00
 0.537612702E+00 0.501656494E+00 0.464962684E+00 0.428021052E+00 0.391301590E+00
 0.355243875E+00 0.320245635E+00 0.286651769E+00 0.254748040E+00 0.224757282E+00
 0.196840119E+00 0.171099260E+00 0.147586487E+00 0.126311332E+00 0.107253290E+00
 0.903737011E-01 0.756230752E-01 0.629556015E-01 0.523350894E-01 0.437464680E-01
 0.372022037E-01 0.327499045E-01 0.304787559E-01 0.305206471E-01 0.330475326E-01
 0.382694510E-01 0.464322768E-01 0.578114954E-01 0.726998423E-01 0.913883456E-01
 0.114147549E+00 0.141206342E+00 0.172730766E+00 0.208798768E+00 0.249382034E+00
 0.294329746E+00 0.343352049E+00 0.396018240E+00 0.451767364E+00 0.509940686E+00
 0.569862050E+00 0.630934061E+00 0.691858050E+00 0.751332745E+00 0.808204772E+00
 0.860551498E+00 0.740839525E+00 0.718441793E+00 0.695187564E+00 0.669420190E+00
 0.640881586E+00 0.610016403E+00 0.577114409E+00 0.542586427E+00 0.506878756E+00
 0.470452908E+00 0.433773157E+00 0.397293155E+00 0.361442474E+00 0.326613506E+00
 0.293150350E+00 0.261340940E+00 0.231413129E+00 0.203534618E+00 0.177814765E+00
 0.154313744E+00 0.133051436E+00 0.114016056E+00 0.971765003E-01 0.824935827E-01
 0.699282361E-01 0.594530149E-01 0.510601379E-01 0.447690011E-01 0.406308730E-01
 0.387365560E-01 0.392180316E-01 0.422470150E-01 0.480331829E-01 0.568194305E-01
 0.688732247E-01 0.844745755E-01 0.103898602E+00 0.127396419E+00 0.155175621E+00
 0.187379441E+00 0.224062281E+00 0.265173065E+00 0.310540255E+00 0.359854278E+00
 0.412670511E+00 0.468420004E+00 0.526448364E+00 0.586116597E+00 0.646880727E+00
 0.707294110E+00 0.765273477E+00 0.818942714E+00 0.865603549E+00 0.745506654E+00
 0.726631273E+00 0.702454022E+00 0.675058483E+00 0.646124047E+00 0.615149383E+00
 0.582358818E+00 0.548070501E+00 0.512664806E+00 0.476560447E+00 0.440194085E+00
 0.404001807E+00 0.368402530E+00 0.333783157E+00 0.300486933E+00 0.268804464E+00
 0.238967806E+00 0.211151290E+00 0.185473853E+00 0.162005895E+00 0.140775705E+00
 0.121782681E+00 0.105005186E+00 0.904134305E-01 0.779771356E-01 0.676777127E-01
 0.595156885E-01 0.535159087E-01 0.497352220E-01 0.482682050E-01 0.492470701E-01
 0.528432751E-01 0.592635040E-01 0.687446101E-01 0.815440038E-01 0.979263475E-01
 0.118148597E+00 0.142441844E+00 0.170990611E+00 0.203913165E+00 0.241240395E+00
 0.282899970E+00 0.328701718E+00 0.378323577E+00 0.431315763E+00 0.487114506E+00
 0.545084929E+00 0.604616299E+00 0.664976584E+00 0.724175754E+00 0.779830534E+00
 0.830080001E+00 0.871531754E+00 0.760375736E+00 0.734770315E+00 0.707968048E+00
 0.680370556E+00 0.651259219E+00 0.620393692E+00 0.587878184E+00 0.553951813E+00
 0.518944670E+00 0.483242370E+00 0.447259190E+00 0.411416351E+00 0.376123879E+00
 0.341763982E+00 0.308678733E+00 0.277161257E+00 0.247449669E+00 0.219727255E+00
 0.194121259E+00 0.170711925E+00 0.149540467E+00 0.130615198E+00 0.113927458E+00
 0.994558768E-01 0.871809284E-01 0.770935109E-01 0.692015126E-01 0.635371256E-01
 0.601630253E-01 0.591767764E-01 0.607124344E-01 0.649391156E-01 0.720594422E-01
 0.823011662E-01 0.959088564E-01 0.113131879E+00 0.134205716E+00 0.159337919E+00
 0.188688252E+00 0.222349340E+00 0.260328754E+00 0.302534433E+00 0.348760756E+00
 0.398681869E+00 0.451855993E+00 0.507746184E+00 0.565772570E+00 0.625389588E+00
 0.685559107E+00 0.743632920E+00 0.796619491E+00 0.842645541E+00 0.878436572E+00
 0.778449836E+00 0.744368148E+00 0.713868321E+00 0.684893102E+00 0.655934992E+00
 0.625528469E+00 0.593535941E+00 0.560144360E+00 0.525663597E+00 0.490464519E+00
 0.454949030E+00 0.419528672E+00 0.384606779E+00 0.350562744E+00 0.317739216E+00
 0.286433843E+00 0.256890192E+00 0.229298968E+00 0.203799868E+00 0.180483604E+00
 0.159402460E+00 0.140578280E+00 0.124012982E+00 0.109696707E+00 0.976211005E-01
 0.877864296E-01 0.802090941E-01 0.749284022E-01 0.720134374E-01 0.715645732E-01
 0.737162746E-01 0.786352099E-01 0.865169555E-01 0.975796233E-01 0.112052389E+00
 0.130164033E+00 0.152129373E+00 0.178128756E+00 0.208294664E+00 0.242692758E+00
 0.281306515E+00 0.324025476E+00 0.370632904E+00 0.420808778E+00 0.474136451E+00
 0.530135003E+00 0.588326373E+00 0.648237327E+00 0.708274174E+00 0.765853294E+00
 0.817521135E+00 0.859223527E+00 0.887520012E+00 0.802727226E+00 0.758048481E+00
 0.721540330E+00 0.689492860E+00 0.659810806E+00 0.630456444E+00 0.599282397E+00
 0.566612852E+00 0.532795390E+00 0.498208114E+00 0.463251044E+00 0.428331811E+00
 0.393850770E+00 0.360186793E+00 0.327683735E+00 0.296642626E+00 0.267315458E+00
 0.239902155E+00 0.214551609E+00 0.191369235E+00 0.170417935E+00 0.151734407E+00
 0.135331292E+00 0.121211846E+00 0.109378931E+00 0.998429695E-01 0.926290786E-01
 0.877846703E-01 0.853835459E-01 0.855296869E-01 0.883571532E-01 0.940278996E-01
 0.102729668E+00 0.114666845E+00 0.130051363E+00 0.149091470E+00 0.171973598E+00
 0.198850830E+00 0.229826066E+00 0.264935454E+00 0.304137109E+00 0.347300610E+00
 0.394204562E+00 0.444543039E+00 0.497943401E+00 0.554015632E+00 0.612428236E+00
 0.672680265E+00 0.731828611E+00 0.787655272E+00 0.837761998E+00 0.878073859E+00
 0.900534014E+00 0.824742425E+00 0.771323602E+00 0.728996534E+00 0.693817682E+00
 0.663684184E+00 0.635411875E+00 0.605190889E+00 0.573378370E+00 0.540342383E+00
 0.506469269E+00 0.472160873E+00 0.437824026E+00 0.403857909E+00 0.370641396E+00
 0.338521719E+00 0.307805109E+00 0.278750013E+00 0.251566752E+00 0.226416200E+00
 0.203414937E+00 0.182640979E+00 0.164143797E+00 0.147949462E+00 0.134074338E+00
 0.122533134E+00 0.113346602E+00 0.106549358E+00 0.102197284E+00 0.100368056E+00
 0.101167473E+00 0.104727966E+00 0.111206963E+00 0.120781229E+00 0.133640328E+00
 0.149976012E+00 0.169969983E+00 0.193782258E+00 0.221532224E+00 0.253289185E+00
 0.289057555E+00 0.328767397E+00 0.372269794E+00 0.419340222E+00 0.469691417E+00
 0.523014221E+00 0.579048081E+00 0.637607836E+00 0.697526662E+00 0.756072760E+00
 0.810075104E+00 0.857245490E+00 0.893557274E+00 0.918024309E+00 0.841823480E+00
 0.780900018E+00 0.734164641E+00 0.697393796E+00 0.667735257E+00 0.640532646E+00
 0.611341144E+00 0.580482390E+00 0.548324309E+00 0.515256073E+00 0.481680374E+00
 0.448004088E+00 0.414626945E+00 0.381929222E+00 0.350260591E+00 0.319932497E+00
 0.291212198E+00 0.264318192E+00 0.239425131E+00 0.216660594E+00 0.196118455E+00
 0.177861035E+00 0.161928819E+00 0.148351633E+00 0.137156407E+00 0.128375050E+00
 0.122052306E+00 0.118249093E+00 0.117049700E+00 0.118560221E+00 0.122910771E+00
 0.130250194E+00 0.140744679E+00 0.154565054E+00 0.171880429E+00 0.192844774E+00
 0.217583625E+00 0.246182233E+00 0.278672911E+00 0.315023843E+00 0.355134357E+00
 0.398835186E+00 0.445894737E+00 0.496048685E+00 0.549059779E+00 0.604849500E+00
 0.663598138E+00 0.722769228E+00 0.782555635E+00 0.837676938E+00 0.882686752E+00
 0.907832924E+00 0.659810806E+00 0.855463559E+00 0.778140188E+00 0.730997297E+00
 0.698658486E+00 0.671827876E+00 0.645866456E+00 0.617793760E+00 0.587968118E+00
 0.556766102E+00 0.524579298E+00 0.491811542E+00 0.458870057E+00 0.426154607E+00
 0.394046699E+00 0.362900014E+00 0.333030156E+00 0.304712069E+00 0.278174544E+00
 0.253602578E+00 0.231137890E+00 0.210889130E+00 0.192931922E+00 0.177321714E+00
 0.164101964E+00 0.153312289E+00 0.144996325E+00 0.139207359E+00 0.136013632E+00
 0.135502346E+00 0.137780325E+00 0.142972765E+00 0.151221916E+00 0.162677040E+00
 0.177489882E+00 0.195803259E+00 0.217740108E+00 0.243390188E+00 0.272798698E+00
 0.305956469E+00 0.342792631E+00 0.383172039E+00 0.426899763E+00 0.473735843E+00
 0.523429643E+00 0.575782852E+00 0.630682317E+00 0.687346034E+00 0.747276691E+00
 0.808933792E+00 0.869516191E+00 0.922201426E+00 0.930257730E+00 0.659810806E+00
 0.809722604E+00 0.758336672E+00 0.726404899E+00 0.700185627E+00 0.676233040E+00
 0.651548554E+00 0.624621119E+00 0.595879237E+00 0.565692093E+00 0.534449016E+00
 0.502553774E+00 0.470413806E+00 0.438429779E+00 0.406983574E+00 0.376430753E+00
 0.347092657E+00 0.319249501E+00 0.293140968E+00 0.268961558E+00 0.246867035E+00
 0.226979882E+00 0.209390294E+00 0.194168118E+00 0.181370906E+00 0.171051187E+00
 0.163263761E+00 0.158069829E+00 0.155544633E+00 0.155778763E+00 0.158878286E+00
 0.164962514E+00 0.174161884E+00 0.186610571E+00 0.202438069E+00 0.221758632E+00
 0.244659797E+00 0.271192395E+00 0.301357765E+00 0.335102361E+00 0.372311541E+00
 0.412811802E+00 0.456380598E+00 0.502768555E+00 0.551746185E+00 0.603187192E+00
 0.657091994E+00 0.713309173E+00 0.775131863E+00 0.843113261E+00 0.915537152E+00
 0.974276038E+00 0.659810806E+00 0.659810806E+00 0.829919997E+00 0.769933505E+00
 0.734889911E+00 0.707155787E+00 0.682215520E+00 0.657725953E+00 0.631868035E+00
 0.604247967E+00 0.575120284E+00 0.544867710E+00 0.513897917E+00 0.482619235E+00
 0.451431385E+00 0.420717153E+00 0.390832365E+00 0.362101974E+00 0.334811872E+00
 0.309210064E+00 0.285501038E+00 0.263853374E+00 0.244402975E+00 0.227254351E+00
 0.212492152E+00 0.200187559E+00 0.190405936E+00 0.183211260E+00 0.178675654E+00
 0.176878710E+00 0.177913035E+00 0.181882370E+00 0.188900355E+00 0.199084438E+00
 0.212551893E+00 0.229406343E+00 0.249732055E+00 0.273579600E+00 0.300955975E+00
 0.331817675E+00 0.366061077E+00 0.403524131E+00 0.443991639E+00 0.487212371E+00
 0.532930662E+00 0.580932330E+00 0.631029703E+00 0.682405901E+00 0.739744221E+00
 0.806355631E+00 0.884276774E+00 0.979120338E+00 0.111464112E+01 0.659810806E+00
 0.659810806E+00 0.853022998E+00 0.792127675E+00 0.749648421E+00 0.716852646E+00
 0.688688974E+00 0.663489442E+00 0.639456924E+00 0.613096210E+00 0.585061496E+00
 0.555827877E+00 0.525822330E+00 0.495455814E+00 0.465125512E+00 0.435211492E+00
 0.406069784E+00 0.378025780E+00 0.351370759E+00 0.326358400E+00 0.303203191E+00
 0.282085077E+00 0.263152204E+00 0.246523745E+00 0.232298265E+00 0.220560087E+00
 0.211385614E+00 0.204850796E+00 0.201034113E+00 0.200021483E+00 0.201906760E+00
 0.206790352E+00 0.214776872E+00 0.225972719E+00 0.240473309E+00 0.258357304E+00
 0.279675965E+00 0.304442204E+00 0.332618338E+00 0.364110747E+00 0.398764038E+00
 0.436365157E+00 0.476654899E+00 0.519355067E+00 0.564217995E+00 0.611090085E+00
 0.659810806E+00 0.709699561E+00 0.767414353E+00 0.837916063E+00 0.924218516E+00
 0.103249986E+01 0.117241490E+01 0.659810806E+00 0.659810806E+00 0.877136979E+00
 0.813591786E+00 0.764710075E+00 0.726982727E+00 0.696628501E+00 0.671324365E+00
 0.647956156E+00 0.622546253E+00 0.595525994E+00 0.567304295E+00 0.538287688E+00
 0.508876337E+00 0.479460694E+00 0.450414458E+00 0.422091122E+00 0.394814731E+00
 0.368879726E+00 0.344544169E+00 0.322030886E+00 0.301529942E+00 0.283200791E+00
 0.267175902E+00 0.253566706E+00 0.242469824E+00 0.233973915E+00 0.228164208E+00
 0.225127080E+00 0.224951539E+00 0.227731507E+00 0.233564293E+00 0.242546304E+00
 0.254767771E+00 0.270304815E+00 0.289210147E+00 0.311501871E+00 0.337152886E+00
 0.366081877E+00 0.398143079E+00 0.433127525E+00 0.470768281E+00 0.510759006E+00
 0.552792734E+00 0.596620461E+00 0.642043940E+00 0.688503361E+00 0.738573516E+00
 0.796736746E+00 0.869112632E+00 0.961471762E+00 0.107640256E+01 0.659810806E+00
 0.659810806E+00 0.659810806E+00 0.904177106E+00 0.834912329E+00 0.778972482E+00
 0.737459063E+00 0.705953268E+00 0.680289633E+00 0.657017830E+00 0.632469805E+00
 0.606441107E+00 0.579233571E+00 0.551228492E+00 0.522813188E+00 0.494367277E+00
 0.466256363E+00 0.438827217E+00 0.412401429E+00 0.387273895E+00 0.363705526E+00
 0.341925701E+00 0.322132913E+00 0.304496764E+00 0.289161215E+00 0.276249643E+00
 0.265870886E+00 0.258124556E+00 0.253103690E+00 0.250900668E+00 0.251608349E+00
 0.255320000E+00 0.262127353E+00 0.272118448E+00 0.285367907E+00 0.301932613E+00
 0.321839748E+00 0.345075547E+00 0.371574530E+00 0.401211855E+00 0.433791977E+00
 0.469052413E+00 0.506670925E+00 0.546292261E+00 0.587574412E+00 0.630208586E+00
 0.673676506E+00 0.719392038E+00 0.769848236E+00 0.829904755E+00 0.904381824E+00
 0.999002209E+00 0.111283181E+01 0.659810806E+00 0.659810806E+00 0.659810806E+00
 0.659810806E+00 0.851672506E+00 0.789828797E+00 0.748272209E+00 0.716191255E+00
 0.689752848E+00 0.665789210E+00 0.642658724E+00 0.617700768E+00 0.591525070E+00
 0.564555943E+00 0.537177139E+00 0.509756252E+00 0.482648217E+00 0.456190463E+00
 0.430699772E+00 0.406468780E+00 0.383759889E+00 0.362806921E+00 0.343815107E+00
 0.326962546E+00 0.312403296E+00 0.300271682E+00 0.290687565E+00 0.283757981E+00
 0.279584828E+00 0.278265396E+00 0.279894047E+00 0.284563165E+00 0.292359353E+00
 0.303359495E+00 0.317625418E+00 0.335195376E+00 0.356072349E+00 0.380214484E+00
 0.407522619E+00 0.437831923E+00 0.470903030E+00 0.506423994E+00 0.544020793E+00
 0.583288133E+00 0.623810571E+00 0.665021095E+00 0.707405579E+00 0.752540043E+00
 0.803691689E+00 0.865981754E+00 0.945505916E+00 0.104714241E+01 0.116995686E+01
 0.659810806E+00 0.659810806E+00 0.659810806E+00 0.659810806E+00 0.855796163E+00
 0.804486525E+00 0.762593754E+00 0.728834397E+00 0.700997229E+00 0.676589382E+00
 0.653397786E+00 0.629254835E+00 0.604075590E+00 0.578160614E+00 0.551859389E+00
 0.525520401E+00 0.499483791E+00 0.474075508E+00 0.449604971E+00 0.426360438E+00
 0.404603910E+00 0.384571648E+00 0.366473775E+00 0.350495349E+00 0.336798941E+00
 0.325528424E+00 0.316810393E+00 0.310761888E+00 0.307489284E+00 0.307093903E+00
 0.309671379E+00 0.315311119E+00 0.324094795E+00 0.336089432E+00 0.351345049E+00
 0.369881753E+00 0.391683070E+00 0.416685100E+00 0.444762600E+00 0.475720888E+00
 0.509287781E+00 0.545113981E+00 0.582782473E+00 0.621810948E+00 0.661533880E+00
 0.701574756E+00 0.742814099E+00 0.787443829E+00 0.839525464E+00 0.905682581E+00
 0.993806298E+00 0.110650326E+01 0.659810806E+00 0.659810806E+00 0.659810806E+00
 0.659810806E+00 0.659810806E+00 0.659810806E+00 0.825855818E+00 0.780658172E+00
 0.744247569E+00 0.713871960E+00 0.687596654E+00 0.663687610E+00 0.640815123E+00
 0.616721123E+00 0.591905629E+00 0.566732271E+00 0.541536060E+00 0.516641241E+00
 0.492361081E+00 0.468995567E+00 0.446826849E+00 0.426114605E+00 0.407095632E+00
 0.389983139E+00 0.374967445E+00 0.362217804E+00 0.351883652E+00 0.344099969E+00
 0.338988123E+00 0.336659954E+00 0.337219127E+00 0.340760932E+00 0.347371478E+00
 0.357125564E+00 0.370083419E+00 0.386282373E+00 0.405729970E+00 0.428395981E+00
 0.454201894E+00 0.483009436E+00 0.514611042E+00 0.548722685E+00 0.584979617E+00
 0.622913257E+00 0.661811615E+00 0.700438474E+00 0.739001830E+00 0.778750020E+00
 0.822459791E+00 0.875413116E+00 0.949028928E+00 0.105659765E+01 0.659810806E+00
 0.659810806E+00 0.659810806E+00 0.659810806E+00 0.659810806E+00 0.659810806E+00
 0.659810806E+00 0.853277158E+00 0.802801649E+00 0.762140127E+00 0.728287523E+00
 0.699853288E+00 0.675136451E+00 0.652475206E+00 0.629338033E+00 0.605646788E+00
 0.581655931E+00 0.557667244E+00 0.533986356E+00 0.510912817E+00 0.488735876E+00
 0.467730192E+00 0.448151429E+00 0.430235171E+00 0.414196002E+00 0.400227164E+00
 0.388501459E+00 0.379174179E+00 0.372384330E+00 0.368258186E+00 0.366909230E+00
 0.368441335E+00 0.372948169E+00 0.380513088E+00 0.391204288E+00 0.405074414E+00
 0.422151637E+00 0.442435759E+00 0.465889651E+00 0.492432363E+00 0.521930491E+00
 0.554189507E+00 0.588944352E+00 0.625823181E+00 0.664183499E+00 0.702113796E+00
 0.739123888E+00 0.775560630E+00 0.813082558E+00 0.854699045E+00 0.905734054E+00
 0.659810806E+00 0.659810806E+00 0.659810806E+00 0.659810806E+00 0.659810806E+00
 0.659810806E+00 0.659810806E+00 0.659810806E+00 0.659810806E+00 0.659810806E+00
 0.829574983E+00 0.784548174E+00 0.746096265E+00 0.713930311E+00 0.686838172E+00
 0.663359333E+00 0.641640110E+00 0.619207240E+00 0.596479597E+00 0.573770428E+00
 0.551376864E+00 0.529587017E+00 0.508679363E+00 0.488919964E+00 0.470559258E+00
 0.453829944E+00 0.438945575E+00 0.426100238E+00 0.415469460E+00 0.407211164E+00
 0.401466832E+00 0.398363803E+00 0.398016514E+00 0.400527507E+00 0.405987352E+00
 0.414474049E+00 0.426051224E+00 0.440763834E+00 0.458635178E+00 0.479661818E+00
 0.503808900E+00 0.531007958E+00 0.561154690E+00 0.594097832E+00 0.629601166E+00
 0.667180788E+00 0.704677443E+00 0.740940290E+00 0.775374736E+00 0.808713292E+00
 0.842841293E+00 0.881013784E+00 0.659810806E+00 0.659810806E+00 0.659810806E+00
 0.659810806E+00 0.659810806E+00 0.659810806E+00 0.659810806E+00 0.659810806E+00
 0.659810806E+00 0.659810806E+00 0.659810806E+00 0.870833341E+00 0.812958177E+00
 0.767193834E+00 0.729726529E+00 0.699607593E+00 0.674928874E+00 0.653685882E+00
 0.632464133E+00 0.611061124E+00 0.589701934E+00 0.568667331E+00 0.548234862E+00
 0.528672423E+00 0.510236862E+00 0.493171862E+00 0.477705646E+00 0.464049306E+00
 0.452396301E+00 0.442922470E+00 0.435785469E+00 0.431127113E+00 0.429074489E+00
 0.429739688E+00 0.433222166E+00 0.439608185E+00 0.448969665E+00 0.461364785E+00
 0.476833335E+00 0.495396599E+00 0.517054465E+00 0.541783507E+00 0.569542066E+00
 0.600280099E+00 0.633884923E+00 0.670037950E+00 0.706804556E+00 0.742613287E+00
 0.776022613E+00 0.806698890E+00 0.835401961E+00 0.864323250E+00 0.659810806E+00
 0.659810806E+00 0.659810806E+00 0.659810806E+00 0.659810806E+00 0.659810806E+00
 0.659810806E+00 0.659810806E+00 0.659810806E+00 0.659810806E+00 0.659810806E+00
 0.659810806E+00 0.659810806E+00 0.846336425E+00 0.793875538E+00 0.749766628E+00
 0.714631409E+00 0.686877705E+00 0.664612959E+00 0.645181059E+00 0.625248417E+00
 0.605317908E+00 0.585712137E+00 0.566706381E+00 0.548558752E+00 0.531516549E+00
 0.515815977E+00 0.501679772E+00 0.489315250E+00 0.478913564E+00 0.470647525E+00
 0.464674020E+00 0.461132169E+00 0.460145576E+00 0.461822470E+00 0.466256782E+00
 0.473528881E+00 0.483704950E+00 0.496836415E+00 0.512960409E+00 0.532100294E+00
 0.554266973E+00 0.579454135E+00 0.607640861E+00 0.638827373E+00 0.672813221E+00
 0.708183122E+00 0.743289475E+00 0.776184244E+00 0.805509647E+00 0.830696846E+00
 0.852444193E+00 0.659810806E+00 0.659810806E+00 0.659810806E+00 0.659810806E+00
 0.659810806E+00 0.659810806E+00 0.659810806E+00 0.659810806E+00 0.659810806E+00
 0.659810806E+00 0.659810806E+00 0.659810806E+00 0.659810806E+00 0.659810806E+00
 0.899369522E+00 0.827341122E+00 0.772675538E+00 0.730934754E+00 0.699550817E+00
 0.676262332E+00 0.657574574E+00 0.638957011E+00 0.620482842E+00 0.602367762E+00
 0.584853848E+00 0.568183983E+00 0.552595504E+00 0.538317655E+00 0.525567528E+00
 0.514547704E+00 0.505443985E+00 0.498426125E+00 0.493646383E+00 0.491239879E+00
 0.491324652E+00 0.494002275E+00 0.499359255E+00 0.507468276E+00 0.518389178E+00
 0.532167278E+00 0.548838851E+00 0.568432590E+00 0.590981516E+00 0.616487740E+00
 0.644839827E+00 0.676059817E+00 0.709340265E+00 0.743215929E+00 0.775630492E+00
 0.804537759E+00 0.828194992E+00 0.845595511E+00 0.659810806E+00 0.659810806E+00
 0.659810806E+00 0.659810806E+00 0.659810806E+00 0.659810806E+00 0.659810806E+00
 0.659810806E+00 0.659810806E+00 0.659810806E+00 0.659810806E+00 0.659810806E+00
 0.659810806E+00 0.659810806E+00 0.659810806E+00 0.659810806E+00 0.857697051E+00
 0.795192357E+00 0.747660812E+00 0.713385920E+00 0.688519257E+00 0.668944783E+00
 0.651911790E+00 0.635022689E+00 0.618486234E+00 0.602533434E+00 0.587399424E+00
 0.573315187E+00 0.560506781E+00 0.549187111E+00 0.539551957E+00 0.531781454E+00
 0.526039649E+00 0.522473765E+00 0.521212366E+00 0.522365493E+00 0.526025081E+00
 0.532268609E+00 0.541160651E+00 0.552754154E+00 0.567087738E+00 0.584197771E+00
 0.604106977E+00 0.626886088E+00 0.652536218E+00 0.680398919E+00 0.711100261E+00
 0.743328831E+00 0.775104018E+00 0.804187915E+00 0.827871350E+00 0.844020569E+00
 0.659810806E+00 0.659810806E+00 0.659810806E+00 0.659810806E+00 0.659810806E+00
 0.659810806E+00 0.659810806E+00 0.659810806E+00 0.659810806E+00 0.659810806E+00
 0.659810806E+00 0.659810806E+00 0.659810806E+00 0.659810806E+00 0.659810806E+00
 0.659810806E+00 0.659810806E+00 0.886722886E+00 0.821216845E+00 0.769533394E+00
 0.731354185E+00 0.703244199E+00 0.681663588E+00 0.663992775E+00 0.648803070E+00
 0.633934115E+00 0.619610406E+00 0.606064911E+00 0.593523865E+00 0.582219533E+00
 0.572363236E+00 0.564141429E+00 0.557727604E+00 0.553279289E+00 0.550937019E+00
 0.550822864E+00 0.553036760E+00 0.557656894E+00 0.564748412E+00 0.574369072E+00
 0.586567578E+00 0.601364707E+00 0.618800525E+00 0.638797177E+00 0.661482225E+00
 0.687284142E+00 0.714158660E+00 0.743431017E+00 0.774714620E+00 0.804862560E+00
 0.830954931E+00 0.848415812E+00 0.659810806E+00 0.659810806E+00 0.659810806E+00
 0.659810806E+00 0.659810806E+00 0.659810806E+00 0.659810806E+00 0.659810806E+00
 0.659810806E+00 0.659810806E+00 0.659810806E+00 0.659810806E+00 0.659810806E+00
 0.659810806E+00 0.659810806E+00 0.659810806E+00 0.659810806E+00 0.659810806E+00
 0.933864170E+00 0.858226688E+00 0.799297164E+00 0.755180620E+00 0.722262837E+00
 0.696919618E+00 0.677344627E+00 0.661719362E+00 0.648592684E+00 0.635957225E+00
 0.624048147E+00 0.613071959E+00 0.603294568E+00 0.594928711E+00 0.588139871E+00
 0.583095858E+00 0.579948398E+00 0.578831503E+00 0.579862762E+00 0.583130858E+00
 0.588691395E+00 0.596591181E+00 0.606881401E+00 0.619620718E+00 0.634747778E+00
 0.652397737E+00 0.671984489E+00 0.694255489E+00 0.718812971E+00 0.743966923E+00
 0.770924560E+00 0.800847247E+00 0.831219977E+00 0.859082604E+00 0.895437379E+00
 0.659810806E+00 0.659810806E+00 0.659810806E+00 0.659810806E+00 0.659810806E+00
 0.659810806E+00 0.659810806E+00 0.659810806E+00 0.659810806E+00 0.659810806E+00
 0.659810806E+00 0.659810806E+00 0.659810806E+00 0.659810806E+00 0.659810806E+00
 0.659810806E+00 0.659810806E+00 0.659810806E+00 0.659810806E+00 0.905753816E+00
 0.838012540E+00 0.786504097E+00 0.746751748E+00 0.716179983E+00 0.693199291E+00
 0.675849418E+00 0.662357611E+00 0.651445824E+00 0.641227953E+00 0.631794854E+00
 0.623557356E+00 0.616718617E+00 0.611374896E+00 0.607706053E+00 0.605859177E+00
 0.605959518E+00 0.608131678E+00 0.612455496E+00 0.618937541E+00 0.627588428E+00
 0.638440010E+00 0.651660601E+00 0.666747273E+00 0.684785156E+00 0.703577359E+00
 0.724403257E+00 0.747050864E+00 0.769036321E+00 0.792027623E+00 0.818687673E+00
 0.848673649E+00 0.884760846E+00 0.659810806E+00 0.659810806E+00 0.659810806E+00
 0.659810806E+00 0.659810806E+00 0.659810806E+00 0.659810806E+00 0.659810806E+00
 0.659810806E+00 0.659810806E+00 0.659810806E+00 0.659810806E+00 0.659810806E+00
 0.659810806E+00 0.659810806E+00 0.659810806E+00 0.659810806E+00 0.659810806E+00
 0.659810806E+00 0.659810806E+00 0.659810806E+00 0.885917867E+00 0.826429625E+00
 0.778061660E+00 0.741049613E+00 0.713296521E+00 0.692699996E+00 0.677360431E+00
 0.665924302E+00 0.657540595E+00 0.649468522E+00 0.642784389E+00 0.637567842E+00
 0.633656882E+00 0.631360305E+00 0.630807193E+00 0.632091796E+00 0.635386645E+00
 0.640784846E+00 0.648159910E+00 0.657452446E+00 0.668540444E+00 0.682468064E+00
 0.696820851E+00 0.713247814E+00 0.731272517E+00 0.750228398E+00 0.770846638E+00
 0.789287676E+00 0.804582925E+00 0.824584413E+00 0.843844684E+00 0.659810806E+00
 0.659810806E+00 0.659810806E+00 0.659810806E+00 0.659810806E+00 0.659810806E+00
 0.659810806E+00 0.659810806E+00 0.659810806E+00 0.659810806E+00 0.659810806E+00
 0.659810806E+00 0.659810806E+00 0.659810806E+00 0.659810806E+00 0.659810806E+00
 0.659810806E+00 0.659810806E+00 0.659810806E+00 0.659810806E+00 0.659810806E+00
 0.659810806E+00 0.659810806E+00 0.659810806E+00 0.817525736E+00 0.773545773E+00
 0.739563044E+00 0.713771936E+00 0.694681727E+00 0.681908950E+00 0.673241298E+00
 0.665650685E+00 0.660638432E+00 0.657376059E+00 0.654734445E+00 0.653802484E+00
 0.654540328E+00 0.656895406E+00 0.661237700E+00 0.667797588E+00 0.676018137E+00
 0.685894181E+00 0.696127554E+00 0.708220121E+00 0.721058651E+00 0.734623805E+00
 0.751516936E+00 0.769152974E+00 0.787673670E+00 0.805675907E+00 0.806254283E+00
 0.659810806E+00 0.659810806E+00 0.659810806E+00 0.659810806E+00 0.659810806E+00
 0.659810806E+00 0.659810806E+00 0.659810806E+00 0.659810806E+00 0.659810806E+00
 0.659810806E+00 0.659810806E+00 0.659810806E+00 0.659810806E+00 0.659810806E+00
 0.659810806E+00 0.659810806E+00 0.659810806E+00 0.659810806E+00 0.659810806E+00
 0.659810806E+00 0.659810806E+00 0.659810806E+00 0.659810806E+00 0.659810806E+00
 0.659810806E+00 0.659810806E+00 0.813788009E+00 0.771254658E+00 0.738635340E+00
 0.715508687E+00 0.700922238E+00 0.691885003E+00 0.684728147E+00 0.679794145E+00
 0.676508853E+00 0.674149965E+00 0.674707925E+00 0.676834422E+00 0.679898953E+00
 0.683452596E+00 0.689541987E+00 0.700193922E+00 0.711160176E+00 0.718803808E+00
 0.726710040E+00 0.735905726E+00 0.745490083E+00 0.758877355E+00 0.777642344E+00
 0.794904864E+00 0.808544719E+00 0.659810806E+00 0.659810806E+00 0.659810806E+00
 0.659810806E+00 0.659810806E+00 0.659810806E+00 0.659810806E+00 0.659810806E+00
 0.659810806E+00 0.659810806E+00 0.659810806E+00 0.659810806E+00 0.659810806E+00
 0.659810806E+00 0.659810806E+00 0.659810806E+00 0.659810806E+00 0.659810806E+00
 0.659810806E+00 0.659810806E+00 0.659810806E+00 0.659810806E+00 0.659810806E+00
 0.659810806E+00 0.659810806E+00 0.659810806E+00 0.659810806E+00 0.659810806E+00
 0.848986087E+00 0.805952026E+00 0.769145210E+00 0.742569354E+00 0.725839356E+00
 0.716613645E+00 0.709053579E+00 0.702224563E+00 0.696211825E+00 0.692478546E+00
 0.693737987E+00 0.697008417E+00 0.699217362E+00 0.699362895E+00 0.701922248E+00
 0.715731816E+00 0.730681759E+00 0.735336866E+00 0.736703440E+00 0.738072919E+00
 0.740864011E+00 0.746989942E+00 0.776214439E+00 0.659810806E+00 0.659810806E+00
 0.659810806E+00 0.659810806E+00 0.659810806E+00 0.659810806E+00 0.659810806E+00
 0.659810806E+00 0.659810806E+00 0.659810806E+00 0.659810806E+00 0.659810806E+00
 0.659810806E+00 0.659810806E+00 0.659810806E+00 0.659810806E+00 0.659810806E+00
 0.659810806E+00 0.659810806E+00 0.659810806E+00 0.659810806E+00 0.659810806E+00
 0.659810806E+00 0.659810806E+00 0.659810806E+00 0.659810806E+00 0.659810806E+00
 0.659810806E+00 0.659810806E+00 0.659810806E+00 0.899485256E+00 0.847710928E+00
 0.807830285E+00 0.777580798E+00 0.759086114E+00 0.750708517E+00 0.740337585E+00
 0.728990697E+00 0.718036681E+00 0.710392127E+00 0.710720553E+00 0.714220578E+00
 0.713488095E+00 0.708004344E+00 0.703537375E+00 0.714893554E+00 0.741674035E+00
 0.742243193E+00 0.735259773E+00 0.727608340E+00 0.719706121E+00 0.718987704E+00
 0.659810806E+00 0.659810806E+00 0.659810806E+00 0.659810806E+00 0.659810806E+00
 0.659810806E+00 0.659810806E+00 0.659810806E+00 0.659810806E+00 0.659810806E+00
 0.659810806E+00 0.659810806E+00 0.659810806E+00 0.659810806E+00 0.659810806E+00
 0.659810806E+00 0.659810806E+00 0.659810806E+00 0.659810806E+00 0.659810806E+00
 0.659810806E+00
