  146
  1.39575231   0.00000000
  1.39341324   0.05000000
  1.38750000   0.09386241
  1.38670698   0.10000000
  1.37669957   0.15000000
  1.36399099   0.20000000
  1.34964119   0.25000000
  1.34500000   0.26558749
  1.33427223   0.30000000
  1.31807148   0.35000000
  1.30250000   0.39540428
  1.30075112   0.40000000
  1.28111651   0.45000000
  1.26000000   0.49757365
  1.25877393   0.50000000
  1.23214512   0.55000000
  1.21750000   0.57505212
  1.20083875   0.60000000
  1.17500000   0.63688628
  1.16445098   0.65000000
  1.13250000   0.68970279
  1.12293409   0.70000000
  1.09000000   0.73702527
  1.07659130   0.75000000
  1.04750000   0.78062078
  1.02592797   0.80000000
  1.00500000   0.82124680
  0.97147710   0.85000000
  0.96250000   0.85902547
  0.92000000   0.89467737
  0.91220695   0.90000000
  0.87750000   0.92908862
  0.84672189   0.95000000
  0.83500000   0.96015461
  0.79250000   0.98939029
  0.77269923   1.00000000
  0.75000000   1.01657303
  0.70750000   1.04066149
  0.68520783   1.05000000
  0.66500000   1.06298349
  0.62250000   1.08277438
  0.58000000   1.09693599
  0.55460552   1.10000000
  0.53750000   1.10607574
  0.52385636   1.10000000
  0.49500000   1.08607651
  0.47995292   1.05000000
  0.46153365   1.00000000
  0.45250000   0.97647439
  0.44587256   0.95000000
  0.43074848   0.90000000
  0.41518288   0.85000000
  0.41000000   0.83521175
  0.39930822   0.80000000
  0.38348546   0.75000000
  0.36846960   0.70000000
  0.36750000   0.69683633
  0.35349386   0.65000000
  0.33985149   0.60000000
  0.32778309   0.55000000
  0.32500000   0.53757437
  0.31619994   0.50000000
  0.30586661   0.45000000
  0.29706429   0.40000000
  0.28966432   0.35000000
  0.28352888   0.30000000
  0.28250000   0.29007339
  0.28250000   0.29007339
  0.27781752   0.25000000
  0.27314565   0.20000000
  0.26960757   0.15000000
  0.26713212   0.10000000
  0.26566760   0.05000000
  0.26518289   0.00000000
  0.26566760  -0.05000000
  0.26713212  -0.10000000
  0.26960757  -0.15000000
  0.27314565  -0.20000000
  0.27781752  -0.25000000
  0.28250000  -0.29007339
  0.28352888  -0.30000000
  0.28966432  -0.35000000
  0.29706429  -0.40000000
  0.30586661  -0.45000000
  0.31619994  -0.50000000
  0.32500000  -0.53757437
  0.32778309  -0.55000000
  0.33985149  -0.60000000
  0.35349386  -0.65000000
  0.36750000  -0.69683633
  0.36846960  -0.70000000
  0.38348546  -0.75000000
  0.39930822  -0.80000000
  0.41000000  -0.83521175
  0.41518288  -0.85000000
  0.43074848  -0.90000000
  0.44587256  -0.95000000
  0.45250000  -0.97647439
  0.46153365  -1.00000000
  0.47995292  -1.05000000
  0.49500000  -1.08607651
  0.52385636  -1.10000000
  0.53750000  -1.10607574
  0.55460552  -1.10000000
  0.58000000  -1.09693599
  0.62250000  -1.08277438
  0.66500000  -1.06298349
  0.68520783  -1.05000000
  0.70750000  -1.04066149
  0.75000000  -1.01657303
  0.77269923  -1.00000000
  0.79250000  -0.98939029
  0.83500000  -0.96015461
  0.84672189  -0.95000000
  0.87750000  -0.92908862
  0.91220695  -0.90000000
  0.92000000  -0.89467737
  0.96250000  -0.85902547
  0.97147710  -0.85000000
  1.00500000  -0.82124680
  1.02592797  -0.80000000
  1.04750000  -0.78062078
  1.07659130  -0.75000000
  1.09000000  -0.73702527
  1.12293409  -0.70000000
  1.13250000  -0.68970279
  1.16445098  -0.65000000
  1.17500000  -0.63688628
  1.20083875  -0.60000000
  1.21750000  -0.57505212
  1.23214512  -0.55000000
  1.25877393  -0.50000000
  1.26000000  -0.49757365
  1.28111651  -0.45000000
  1.30075112  -0.40000000
  1.30250000  -0.39540428
  1.31807148  -0.35000000
  1.33427223  -0.30000000
  1.34500000  -0.26558749
  1.34964119  -0.25000000
  1.36399099  -0.20000000
  1.37669957  -0.15000000
  1.38670698  -0.10000000
  1.38750000  -0.09386241
  1.39341324  -0.05000000
  1.39575231   0.00000000
