105
1.385551	0
1.384952	0.05
1.383152	0.1
1.380132	0.15
1.375836	0.2
1.370244	0.25
1.363302	0.3
1.354939	0.35
1.345037	0.4
1.33347		0.45
1.32008 	0.5
1.30444		0.55
1.285847	0.6
1.264952	0.65
1.241445	0.7
1.215176	0.75
1.186099	0.8
1.154116	0.85
1.119082	0.9
1.080932	0.95
1.039504	1
0.994769	1.05
0.94607		1.1
0.893412	1.15
0.835885	1.2
0.77102		1.25
0.63		1.35
0.577588	1.25
0.540452	1.2
0.509466	1.15
0.482284	1.1
0.458128	1.05
0.436696	1
0.417915	0.95
0.400967	0.9
0.386297	0.85
0.373067	0.8
0.361848	0.75
0.351589	0.7
0.342728	0.65
0.335215	0.6
0.328721	0.55
0.322749	0.5
0.317704	0.45
0.313469	0.4
0.309944	0.35
0.307043	0.3
0.304697	0.25
0.302848	0.2
0.301454	0.15
0.300481	0.1
0.299895	0.05
0.299684	0
0.299895	-0.05
0.300481	-0.1
0.301454	-0.15
0.302848	-0.2
0.304697	-0.25
0.307043	-0.3
0.309944	-0.35
0.313469	-0.4
0.317704	-0.45
0.322749	-0.5
0.328721	-0.55
0.335215	-0.6
0.342728	-0.65
0.351589	-0.7
0.361847	-0.75
0.373067	-0.8
0.386296	-0.85
0.400966	-0.9
0.417915	-0.95
0.436695	-1
0.458127	-1.05
0.482283	-1.1
0.509464	-1.15
0.540449	-1.2
0.577583	-1.25
0.63		-1.35
0.771026	-1.25
0.835889	-1.2
0.893414	-1.15
0.946071	-1.1
0.99477		-1.05
1.039505	-1
1.080933	-0.95
1.119083	-0.9
1.154116	-0.85
1.1861		-0.8
1.215176	-0.75
1.241445	-0.7
1.264952	-0.65
1.285848	-0.6
1.30444		-0.55
1.320081	-0.5
1.333471	-0.45
1.345037	-0.4
1.354939	-0.35
1.363302	-0.3
1.370244	-0.25
1.375836	-0.2
1.380132	-0.15
1.383152	-0.1
1.384952	-0.05
1.385551	0
