  R(m)       p(Nm**-2)
  0.3026175       2.927693    
  0.3026175       2.927693    
  0.3226175       11361.65    
  0.3426175       37688.30    
  0.3626175       70707.09    
  0.3826175       104969.8    
  0.4026175       138558.2    
  0.4226175       171659.6    
  0.4426175       205184.4    
  0.4626175       240020.2    
  0.4826175       276806.4    
  0.5026175       315927.6    
  0.5226175       357579.1    
  0.5426175       401815.8    
  0.5626175       448617.9    
  0.5826175       497908.0    
  0.6026175       549586.4    
  0.6226175       603547.5    
  0.6426175       659677.7    
  0.6626175       717872.1    
  0.6826175       778032.4    
  0.7026175       840051.4    
  0.7226175       903804.9    
  0.7426175       969175.0    
  0.7626175       1036016.    
  0.7826175       1104145.    
  0.8026175       1173328.    
  0.8226175       1243291.    
  0.8426175       1313733.    
  0.8626175       1384294.    
  0.8826175       1454547.    
  0.9026175       1523996.    
  0.9226175       1592063.    
  0.9426175       1658110.    
  0.9626175       1721466.    
  0.9826175       1781073.    
   1.002617       1835156.    
   1.022617       1881484.    
   1.042618       1917270.    
   1.062618       1939432.    
   1.076875       1945013.    
   1.082618       1944106.    
   1.102618       1926881.    
   1.122617       1883190.    
   1.142617       1808896.    
   1.162617       1701964.    
   1.182618       1563341.    
   1.202618       1396926.    
   1.222618       1210864.    
   1.242617       1016165.    
   1.262617       824358.3    
   1.282617       645331.7    
   1.302618       486077.1    
   1.322618       350152.4    
   1.342618       236626.1    
   1.362617       135309.5    
   1.382617       25945.19    
   1.391203       2.927693    
  R,          Jphi(MAm**-2)
  0.2426175      0.0000000E+00
  0.2626175      0.0000000E+00
  0.2826175      0.0000000E+00
  0.3026175      4.1464865E-02
  0.3026175      4.1464865E-02
  0.3226175      0.5036653    
  0.3426175      0.9725690    
  0.3626175       1.440956    
  0.3826175       1.933413    
  0.4026175       2.406675    
  0.4226175       2.832194    
  0.4426175       3.184841    
  0.4626175       3.441003    
  0.4826175       3.601974    
  0.5026175       3.660533    
  0.5226175       3.644436    
  0.5426175       3.545422    
  0.5626175       3.404117    
  0.5826175       3.224160    
  0.6026175       3.021810    
  0.6226175       2.817894    
  0.6426175       2.611563    
  0.6626175       2.412620    
  0.6826175       2.231889    
  0.7026175       2.071116    
  0.7226175       1.918754    
  0.7426175       1.787392    
  0.7626175       1.676574    
  0.7826175       1.584679    
  0.8026175       1.505760    
  0.8226175       1.433676    
  0.8426175       1.375445    
  0.8626175       1.329943    
  0.8826175       1.296447    
  0.9026175       1.273757    
  0.9226175       1.258051    
  0.9426175       1.245245    
  0.9626175       1.292113    
  0.9826175       1.435860    
   1.002617       1.623298    
   1.022617       1.868517    
   1.042618       2.143291    
   1.062618       2.529732    
   1.082618       3.023740    
   1.102618       3.624979    
   1.122617       4.340127    
   1.142617       5.054430    
   1.162617       5.735912    
   1.182618       6.432564    
   1.202618       6.886712    
   1.222618       7.043785    
   1.242617       6.925815    
   1.262617       6.599977    
   1.282617       6.130635    
   1.302618       5.541515    
   1.322618       4.821178    
   1.342618       4.024900    
   1.362617       3.551761    
   1.382617       3.014592    
   1.391203      0.2301728    
   1.402617      0.0000000E+00
   1.422618      0.0000000E+00
   1.442618      0.0000000E+00
