301
      4.46099    0.00000
      4.46089    0.0227284
      4.46060    0.0454713
      4.46013    0.0682305
      4.45948    0.0910154
      4.45866    0.113835
      4.45764    0.136696
      4.45644    0.159609
      4.45506    0.182583
      4.45348    0.205624
      4.45167    0.228734
      4.44964    0.251924
      4.44738    0.275198
      4.44481    0.298542
      4.44183    0.321928
      4.43848    0.345367
      4.43497    0.368931
      4.43147    0.392696
      4.42789    0.416653
      4.42413    0.440787
      4.42016    0.465094
      4.41599    0.489597
      4.41152    0.514266
      4.40662    0.539034
      4.40123    0.563877
      4.39556    0.588910
      4.38985    0.614288
      4.38405    0.640019
      4.37798    0.666020
      4.37142    0.692156
      4.36431    0.718385
      4.35690    0.744896
      4.34944    0.771911
      4.34180    0.799362
      4.33373    0.827089
      4.32500    0.854906
      4.31580    0.882971
      4.30637    0.911543
      4.29646    0.940424
      4.28611    0.969666
      4.27565    0.999680
      4.26492     1.03037
      4.25350     1.06128
      4.24124     1.09225
      4.22859     1.12387
      4.21540     1.15598
      4.20155     1.18849
      4.18726     1.22175
      4.17217     1.25530
      4.15663     1.28975
      4.14035     1.32471
      4.12341     1.36039
      4.10575     1.39677
      4.08737     1.43399
      4.06826     1.47214
      4.04829     1.51104
      4.02740     1.55074
      4.00569     1.59160
      3.98291     1.63320
      3.95921     1.67612
      3.93437     1.71992
      3.90837     1.76485
      3.88114     1.81090
      3.85251     1.85772
      3.82243     1.90539
      3.79084     1.95387
      3.75794     2.00469
      3.72348     2.05721
      3.68725     2.11095
      3.64901     2.16481
      3.60905     2.22184
      3.56704     2.28061
      3.52279     2.34058
      3.47628     2.40390
      3.42723     2.46819
      3.37553     2.53665
      3.32093     2.60669
      3.26316     2.68116
      3.20203     2.75776
      3.13709     2.83956
      3.06820     2.92401
      2.99497     3.01245
      2.91662     3.10772
      2.83357     3.20429
      2.74437     3.30868
      2.65057     3.41069
      2.55184     3.51182
      2.44928     3.60750
      2.31482     3.69772
      2.27527     3.64423
      2.22258     3.54842
      2.17545     3.44615
      2.13197     3.34383
      2.09179     3.24236
      2.05444     3.14274
      2.01962     3.04542
      1.98694     2.95090
      1.95649     2.85863
      1.92761     2.76961
      1.90057     2.68294
      1.87510     2.59883
      1.85102     2.51726
      1.82834     2.43798
      1.80706     2.36074
      1.78701     2.28558
      1.76822     2.21227
      1.75058     2.14078
      1.73410     2.07096
      1.71864     2.00284
      1.70414     1.93632
      1.69076     1.87112
      1.67799     1.80769
      1.66647     1.74522
      1.65524     1.68463
      1.64451     1.62553
      1.63467     1.56748
      1.62581     1.51031
      1.61699     1.45478
      1.60859     1.40045
      1.60079     1.34709
      1.59357     1.29466
      1.58703     1.24303
      1.58094     1.19232
      1.57492     1.14270
      1.56930     1.09389
      1.56408     1.04583
      1.55927    0.998492
      1.55487    0.951814
      1.55085    0.905772
      1.54718    0.860348
      1.54368    0.815584
      1.54021    0.771492
      1.53695    0.727940
      1.53391    0.684885
      1.53111    0.642287
      1.52854    0.600117
      1.52618    0.558344
      1.52404    0.516938
      1.52211    0.475872
      1.52037    0.435118
      1.51882    0.394649
      1.51746    0.354439
      1.51629    0.314461
      1.51530    0.274688
      1.51452    0.235093
      1.51406    0.195641
      1.51382    0.156326
      1.51351    0.117141
      1.51325   0.0780457
      1.51313   0.0390049
      1.51310   0.00000
      1.51313    -0.0390049
      1.51325    -0.0780457
      1.51351     -0.117141
      1.51382     -0.156326
      1.51406     -0.195641
      1.51452     -0.235093
      1.51530     -0.274688
      1.51629     -0.314461
      1.51746     -0.354439
      1.51882     -0.394649
      1.52037     -0.435118
      1.52210     -0.475872
      1.52404     -0.516938
      1.52618     -0.558344
      1.52854     -0.600117
      1.53111     -0.642287
      1.53391     -0.684885
      1.53694     -0.727940
      1.54021     -0.771492
      1.54368     -0.815584
      1.54718     -0.860348
      1.55085     -0.905772
      1.55486     -0.951814
      1.55927     -0.998492
      1.56408      -1.04583
      1.56930      -1.09389
      1.57492      -1.14270
      1.58094      -1.19232
      1.58703      -1.24303
      1.59357      -1.29466
      1.60079      -1.34709
      1.60859      -1.40045
      1.61699      -1.45478
      1.62581      -1.51031
      1.63466      -1.56748
      1.64450      -1.62553
      1.65524      -1.68463
      1.66647      -1.74522
      1.67798      -1.80769
      1.69076      -1.87112
      1.70414      -1.93632
      1.71863      -2.00284
      1.73410      -2.07096
      1.75058      -2.14078
      1.76821      -2.21227
      1.78700      -2.28558
      1.80705      -2.36074
      1.82834      -2.43798
      1.85102      -2.51726
      1.87509      -2.59883
      1.90057      -2.68294
      1.92761      -2.76961
      1.95649      -2.85863
      1.98694      -2.95090
      2.01962      -3.04542
      2.05444      -3.14274
      2.09179      -3.24236
      2.13197      -3.34383
      2.17545      -3.44615
      2.22258      -3.54842
      2.27527      -3.64423
      2.34310      -3.69772
      2.44928      -3.60750
      2.55184      -3.51182
      2.65056      -3.41069
      2.74436      -3.30868
      2.83356      -3.20429
      2.91662      -3.10772
      2.99497      -3.01245
      3.06820      -2.92401
      3.13708      -2.83956
      3.20202      -2.75776
      3.26316      -2.68116
      3.32093      -2.60669
      3.37553      -2.53665
      3.42723      -2.46819
      3.47628      -2.40390
      3.52279      -2.34058
      3.56704      -2.28061
      3.60905      -2.22184
      3.64901      -2.16481
      3.68725      -2.11095
      3.72348      -2.05721
      3.75795      -2.00469
      3.79084      -1.95387
      3.82244      -1.90539
      3.85251      -1.85772
      3.88114      -1.81090
      3.90837      -1.76485
      3.93437      -1.71992
      3.95922      -1.67612
      3.98291      -1.63320
      4.00569      -1.59160
      4.02740      -1.55074
      4.04829      -1.51104
      4.06827      -1.47214
      4.08737      -1.43399
      4.10575      -1.39677
      4.12341      -1.36039
      4.14036      -1.32471
      4.15664      -1.28975
      4.17217      -1.25530
      4.18726      -1.22175
      4.20156      -1.18849
      4.21540      -1.15598
      4.22860      -1.12387
      4.24124      -1.09225
      4.25350      -1.06128
      4.26493      -1.03037
      4.27565     -0.999680
      4.28611     -0.969666
      4.29647     -0.940424
      4.30637     -0.911543
      4.31581     -0.882971
      4.32501     -0.854906
      4.33373     -0.827089
      4.34180     -0.799362
      4.34945     -0.771911
      4.35690     -0.744896
      4.36431     -0.718385
      4.37142     -0.692156
      4.37798     -0.666020
      4.38405     -0.640019
      4.38985     -0.614288
      4.39556     -0.588910
      4.40123     -0.563877
      4.40662     -0.539034
      4.41152     -0.514266
      4.41599     -0.489597
      4.42016     -0.465094
      4.42414     -0.440787
      4.42789     -0.416653
      4.43148     -0.392696
      4.43498     -0.368931
      4.43848     -0.345367
      4.44183     -0.321928
      4.44481     -0.298542
      4.44738     -0.275198
      4.44964     -0.251924
      4.45167     -0.228734
      4.45348     -0.205624
      4.45506     -0.182583
      4.45644     -0.159609
      4.45764     -0.136696
      4.45866     -0.113835
      4.45948    -0.0910154
      4.46013    -0.0682305
      4.46060    -0.0454713
      4.46089    -0.0227284
      4.46099    0.00000
